DATASET
OBJTYPE "mesh2d"
BEGSCL
ND 4
NC 2
NAME "Old Depth"
TIMEUNITS SECONDS
TS 0  0.00000000e+00
  1.50000000e+00
  1.00000000e+00
  1.00000000e+00
  1.50000000e+00
TS 0  5.00000000e-02
  1.49163270e+00
  9.78253331e-01
  1.02040793e+00
  1.44790137e+00
TS 0  1.00000000e-01
  1.43049341e+00
  9.81640045e-01
  1.05010410e+00
  1.35257220e+00
TS 0  1.50000000e-01
  1.32627423e+00
  1.00194015e+00
  1.07140252e+00
  1.24820214e+00
TS 0  2.00000000e-01
  1.20103124e+00
  1.02155201e+00
  1.07484390e+00
  1.15236431e+00
TS 0  2.50000000e-01
  1.07534443e+00
  1.02835407e+00
  1.05938216e+00
  1.06829684e+00
TS 0  3.00000000e-01
  9.60884804e-01
  1.02130924e+00
  1.02905093e+00
  9.94129195e-01
TS 0  3.50000000e-01
  8.61366892e-01
  1.00746413e+00
  9.90058837e-01
  9.27879475e-01
TS 0  4.00000000e-01
  7.76535626e-01
  9.95578756e-01
  9.50299205e-01
  8.67335613e-01
TS 0  4.50000000e-01
  7.04996899e-01
  9.91057813e-01
  9.19490308e-01
  8.09779651e-01
TS 0  5.00000000e-01
  6.45567995e-01
  9.94465683e-01
  9.06881148e-01
  7.54245858e-01
TS 0  5.50000000e-01
  5.98614243e-01
  1.00324656e+00
  9.16853468e-01
  7.04086392e-01
TS 0  6.00000000e-01
  5.66769385e-01
  1.01416409e+00
  9.46423055e-01
  6.67196493e-01
TS 0  6.50000000e-01
  5.56742590e-01
  1.02410633e+00
  9.86160667e-01
  6.49078850e-01
TS 0  7.00000000e-01
  5.76560142e-01
  1.03000135e+00
  1.02253239e+00
  6.56839340e-01
TS 0  7.50000000e-01
  6.31603129e-01
  1.02926054e+00
  1.04349722e+00
  6.98270486e-01
TS 0  8.00000000e-01
  7.22523415e-01
  1.02086252e+00
  1.04225144e+00
  7.74525649e-01
TS 0  8.50000000e-01
  8.43104446e-01
  1.00553426e+00
  1.02009436e+00
  8.78140765e-01
TS 0  9.00000000e-01
  9.82428976e-01
  9.84967982e-01
  9.84569088e-01
  9.96127453e-01
TS 0  9.50000000e-01
  1.12780064e+00
  9.61089435e-01
  9.46209325e-01
  1.11403403e+00
TS 0  1.00000000e+00
  1.26587787e+00
  9.36346541e-01
  9.16046197e-01
  1.21836856e+00
TS 0  1.05100000e+00
  1.38457423e+00
  9.14001596e-01
  9.03865404e-01
  1.29881837e+00
TS 0  1.10100000e+00
  1.46424657e+00
  9.00168818e-01
  9.16849551e-01
  1.34358309e+00
TS 0  1.15100000e+00
  1.49446694e+00
  9.00098968e-01
  9.55204642e-01
  1.35170007e+00
TS 0  1.20100000e+00
  1.46959262e+00
  9.17403611e-01
  1.01120302e+00
  1.32849827e+00
TS 0  1.25100000e+00
  1.39699840e+00
  9.50248270e-01
  1.06950637e+00
  1.28576555e+00
TS 0  1.30100000e+00
  1.29608198e+00
  9.90169439e-01
  1.11444481e+00
  1.23136147e+00
TS 0  1.35100000e+00
  1.18882497e+00
  1.02730629e+00
  1.13499257e+00
  1.17023708e+00
TS 0  1.40100000e+00
  1.09069946e+00
  1.05364969e+00
  1.12898738e+00
  1.10459348e+00
TS 0  1.45100000e+00
  1.00802663e+00
  1.06512611e+00
  1.10031958e+00
  1.03873521e+00
TS 0  1.50100000e+00
  9.39979473e-01
  1.06412859e+00
  1.05611691e+00
  9.77451855e-01
TS 0  1.55100000e+00
  8.82354387e-01
  1.05600179e+00
  1.00581037e+00
  9.23442780e-01
TS 0  1.60100000e+00
  8.30793434e-01
  1.04564823e+00
  9.59746661e-01
  8.76642833e-01
TS 0  1.65100000e+00
  7.82479836e-01
  1.03543616e+00
  9.27696264e-01
  8.35758992e-01
TS 0  1.70100000e+00
  7.36885564e-01
  1.02536547e+00
  9.16591306e-01
  8.00276694e-01
TS 0  1.75100000e+00
  6.95865882e-01
  1.01497712e+00
  9.27828319e-01
  7.72585542e-01
TS 0  1.80100000e+00
  6.63931571e-01
  1.00488474e+00
  9.56431717e-01
  7.56901425e-01
TS 0  1.85100000e+00
  6.47890637e-01
  9.96420224e-01
  9.93757294e-01
  7.54810828e-01
TS 0  1.90100000e+00
  6.56434130e-01
  9.91113924e-01
  1.02572499e+00
  7.70270103e-01
TS 0  1.95100000e+00
  6.96046234e-01
  9.88387818e-01
  1.04272616e+00
  8.03546569e-01
TS 0  2.00100000e+00
  7.68021777e-01
  9.87175051e-01
  1.04006848e+00
  8.53075996e-01
TS 0  2.05100000e+00
  8.67295835e-01
  9.86095344e-01
  1.01945001e+00
  9.14769918e-01
TS 0  2.10100000e+00
  9.83688203e-01
  9.83793822e-01
  9.87578787e-01
  9.83305476e-01
TS 0  2.15100000e+00
  1.10437451e+00
  9.79128805e-01
  9.53696211e-01
  1.05352134e+00
TS 0  2.20100000e+00
  1.21582639e+00
  9.71552293e-01
  9.27397558e-01
  1.12081367e+00
TS 0  2.25100000e+00
  1.30510649e+00
  9.61582608e-01
  9.17003468e-01
  1.18053785e+00
TS 0  2.30100000e+00
  1.36128845e+00
  9.51197708e-01
  9.27870635e-01
  1.22739119e+00
TS 0  2.35100000e+00
  1.37771196e+00
  9.43831546e-01
  9.60204379e-01
  1.25595684e+00
TS 0  2.40100000e+00
  1.35460649e+00
  9.43470768e-01
  1.00745872e+00
  1.26267915e+00
TS 0  2.45100000e+00
  1.30010461e+00
  9.52795662e-01
  1.05732696e+00
  1.24785449e+00
TS 0  2.50100000e+00
  1.22809801e+00
  9.71042159e-01
  1.09631297e+00
  1.21410753e+00
TS 0  2.55100000e+00
  1.15252633e+00
  9.94749975e-01
  1.11449995e+00
  1.16593805e+00
TS 0  2.60100000e+00
  1.08348362e+00
  1.01877239e+00
  1.10890301e+00
  1.10751955e+00
TS 0  2.65100000e+00
  1.02456092e+00
  1.03797574e+00
  1.08272883e+00
  1.04606075e+00
TS 0  2.70100000e+00
  9.74776935e-01
  1.04983323e+00
  1.04317123e+00
  9.87634071e-01
TS 0  2.75100000e+00
  9.30492571e-01
  1.05431216e+00
  9.99662844e-01
  9.36270691e-01
TS 0  2.80100000e+00
  8.87976239e-01
  1.05258344e+00
  9.61796838e-01
  8.93486853e-01
TS 0  2.85100000e+00
  8.45186598e-01
  1.04577667e+00
  9.37405623e-01
  8.59292143e-01
TS 0  2.90100000e+00
  8.02535332e-01
  1.03471740e+00
  9.30900163e-01
  8.33534266e-01
TS 0  2.95100000e+00
  7.62862966e-01
  1.02062336e+00
  9.42148174e-01
  8.16704609e-01
TS 0  3.00100000e+00
  7.30984967e-01
  1.00574198e+00
  9.66446408e-01
  8.09969307e-01
TS 0  3.05100000e+00
  7.12874336e-01
  9.92731496e-01
  9.96815657e-01
  8.13250882e-01
TS 0  3.10100000e+00
  7.15755438e-01
  9.84137423e-01
  1.02214848e+00
  8.28257949e-01
TS 0  3.15100000e+00
  7.45006931e-01
  9.80392722e-01
  1.03511469e+00
  8.53514341e-01
TS 0  3.20100000e+00
  8.01508427e-01
  9.80765304e-01
  1.03248866e+00
  8.87326296e-01
TS 0  3.25100000e+00
  8.81019224e-01
  9.83651261e-01
  1.01566777e+00
  9.27840907e-01
TS 0  3.30100000e+00
  9.75033504e-01
  9.86900688e-01
  9.89908668e-01
  9.73207876e-01
TS 0  3.35100000e+00
  1.07267023e+00
  9.88368439e-01
  9.62613689e-01
  1.02168310e+00
TS 0  3.40100000e+00
  1.16249839e+00
  9.86472636e-01
  9.41546775e-01
  1.07136314e+00
TS 0  3.45100000e+00
  1.23401069e+00
  9.80732088e-01
  9.33311518e-01
  1.11953301e+00
TS 0  3.50100000e+00
  1.27906742e+00
  9.72168580e-01
  9.41896477e-01
  1.16210495e+00
TS 0  3.55100000e+00
  1.29353522e+00
  9.63377123e-01
  9.67154573e-01
  1.19386153e+00
TS 0  3.60100000e+00
  1.27857614e+00
  9.57936633e-01
  1.00396053e+00
  1.20985413e+00
TS 0  3.65100000e+00
  1.24056731e+00
  9.59131311e-01
  1.04317627e+00
  1.20738444e+00
TS 0  3.70100000e+00
  1.18921562e+00
  9.68238733e-01
  1.07451883e+00
  1.18667754e+00
TS 0  3.75100000e+00
  1.13421477e+00
  9.84191094e-01
  1.09009637e+00
  1.15085456e+00
TS 0  3.80100000e+00
  1.08269533e+00
  1.00373192e+00
  1.08689324e+00
  1.10332076e+00
TS 0  3.85100000e+00
  1.03713720e+00
  1.02259031e+00
  1.06700999e+00
  1.05095403e+00
TS 0  3.90100000e+00
  9.96990918e-01
  1.03728098e+00
  1.03608408e+00
  9.99778310e-01
TS 0  3.95100000e+00
  9.59844907e-01
  1.04589846e+00
  1.00176195e+00
  9.54028345e-01
TS 0  4.00100000e+00
  9.23109185e-01
  1.04795612e+00
  9.71829633e-01
  9.15920045e-01
TS 0  4.05100000e+00
  8.85452409e-01
  1.04382883e+00
  9.52473868e-01
  8.86213884e-01
TS 0  4.10100000e+00
  8.47528398e-01
  1.03445137e+00
  9.46962124e-01
  8.65055294e-01
TS 0  4.15100000e+00
  8.12055262e-01
  1.02143139e+00
  9.55001372e-01
  8.52321756e-01
TS 0  4.20100000e+00
  7.83314407e-01
  1.00716166e+00
  9.73019530e-01
  8.47746788e-01
TS 0  4.25100000e+00
  7.66118094e-01
  9.94361464e-01
  9.95598136e-01
  8.51232763e-01
TS 0  4.30100000e+00
  7.66076965e-01
  9.85499976e-01
  1.01477524e+00
  8.63028610e-01
TS 0  4.35100000e+00
  7.87410713e-01
  9.81396880e-01
  1.02478846e+00
  8.81680559e-01
TS 0  4.40100000e+00
  8.30733724e-01
  9.81640742e-01
  1.02326881e+00
  9.05771661e-01
TS 0  4.45100000e+00
  8.92773624e-01
  9.84887796e-01
  1.01107916e+00
  9.34527627e-01
TS 0  4.50100000e+00
  9.66964659e-01
  9.89075280e-01
  9.91981548e-01
  9.67427889e-01
TS 0  4.55100000e+00
  1.04475841e+00
  9.92038400e-01
  9.71494235e-01
  1.00389233e+00
TS 0  4.60100000e+00
  1.11708176e+00
  9.92079594e-01
  9.55546403e-01
  1.04287804e+00
TS 0  4.65100000e+00
  1.17566382e+00
  9.88477161e-01
  9.49172947e-01
  1.08240223e+00
TS 0  4.70100000e+00
  1.21426489e+00
  9.81823749e-01
  9.55332408e-01
  1.11920051e+00
TS 0  4.75100000e+00
  1.22981709e+00
  9.74058354e-01
  9.73880453e-01
  1.14892249e+00
TS 0  4.80100000e+00
  1.22310520e+00
  9.68014040e-01
  1.00113278e+00
  1.16709185e+00
TS 0  4.85100000e+00
  1.19848965e+00
  9.66538832e-01
  1.03062542e+00
  1.17058719e+00
TS 0  4.90100000e+00
  1.16258485e+00
  9.71272534e-01
  1.05495316e+00
  1.15854726e+00
TS 0  4.95100000e+00
  1.12215932e+00
  9.82104825e-01
  1.06811640e+00
  1.13285029e+00
TS 0  5.00000000e+00
  1.08323956e+00
  9.96771332e-01
  1.06748056e+00
  1.09693792e+00
ENDDS
