DATASET
OBJTYPE "mesh3d"
BEGSCL
ND 8
NC 6
NAME "Displacement"
TIMEUNITS SECONDS
TS 0  0.00000000e+00
  0.00000000e+00
  0.00000000e+00
 -5.00000000e-01
  0.00000000e+00
 -5.00000000e-01
  0.00000000e+00
  0.00000000e+00
  0.00000000e+00
TS 0  5.00000000e-02
 -2.19297213e-02
 -0.00000000e+00
 -4.53926601e-01
 -0.00000000e+00
 -4.85682017e-01
 -0.00000000e+00
  2.09799029e-02
  0.00000000e+00
TS 0  1.00000000e-01
 -1.80648130e-02
 -0.00000000e+00
 -4.05408292e-01
 -0.00000000e+00
 -4.50198143e-01
 -0.00000000e+00
  5.06591380e-02
  0.00000000e+00
TS 0  1.50000000e-01
  2.39583280e-03
  0.00000000e+00
 -3.44601263e-01
 -0.00000000e+00
 -3.85769244e-01
 -0.00000000e+00
  7.16622610e-02
  0.00000000e+00
TS 0  2.00000000e-01
  2.18355567e-02
  0.00000000e+00
 -2.54560864e-01
 -0.00000000e+00
 -2.91293402e-01
 -0.00000000e+00
  7.47121482e-02
  0.00000000e+00
TS 0  2.50000000e-01
  2.83347663e-02
  0.00000000e+00
 -1.27628379e-01
 -0.00000000e+00
 -1.73326765e-01
 -0.00000000e+00
  5.89030999e-02
  0.00000000e+00
TS 0  3.00000000e-01
  2.10683251e-02
  0.00000000e+00
  2.64127093e-02
  0.00000000e+00
 -4.24192041e-02
 -0.00000000e+00
  2.83327042e-02
  0.00000000e+00
TS 0  3.50000000e-01
  7.18133710e-03
  0.00000000e+00
  1.83323443e-01
  0.00000000e+00
  9.08629366e-02
  0.00000000e+00
 -1.07584640e-02
 -0.00000000e+00
TS 0  4.00000000e-01
 -4.59325441e-03
 -0.00000000e+00
  3.14812895e-01
  0.00000000e+00
  2.17080724e-01
  0.00000000e+00
 -5.04391446e-02
 -0.00000000e+00
TS 0  4.50000000e-01
 -8.94679007e-03
 -0.00000000e+00
  3.99996812e-01
  0.00000000e+00
  3.26855451e-01
  0.00000000e+00
 -8.09656043e-02
 -0.00000000e+00
TS 0  5.00000000e-01
 -5.39974788e-03
 -0.00000000e+00
  4.33141156e-01
  0.00000000e+00
  4.10157035e-01
  0.00000000e+00
 -9.31437666e-02
 -0.00000000e+00
TS 0  5.50000000e-01
  3.45216487e-03
  0.00000000e+00
  4.22607161e-01
  0.00000000e+00
  4.58196518e-01
  0.00000000e+00
 -8.27232788e-02
 -0.00000000e+00
TS 0  6.00000000e-01
  1.43874783e-02
  0.00000000e+00
  3.84681932e-01
  0.00000000e+00
  4.65701268e-01
  0.00000000e+00
 -5.28568806e-02
 -0.00000000e+00
TS 0  6.50000000e-01
  2.42756391e-02
  0.00000000e+00
  3.31584866e-01
  0.00000000e+00
  4.36048868e-01
  0.00000000e+00
 -1.30358141e-02
 -0.00000000e+00
TS 0  7.00000000e-01
  3.00574650e-02
  0.00000000e+00
  2.67095668e-01
  0.00000000e+00
  3.80696576e-01
  0.00000000e+00
  2.31375958e-02
  0.00000000e+00
TS 0  7.50000000e-01
  2.91680498e-02
  0.00000000e+00
  1.99395589e-01
  0.00000000e+00
  3.08189120e-01
  0.00000000e+00
  4.36990909e-02
  0.00000000e+00
TS 0  8.00000000e-01
  2.06189834e-02
  0.00000000e+00
  1.34012917e-01
  0.00000000e+00
  2.26211990e-01
  0.00000000e+00
  4.19961019e-02
  0.00000000e+00
TS 0  8.50000000e-01
  5.16814544e-03
  0.00000000e+00
  7.39376096e-02
  0.00000000e+00
  1.40103099e-01
  0.00000000e+00
  1.94826856e-02
  0.00000000e+00
TS 0  9.00000000e-01
 -1.54839934e-02
 -0.00000000e+00
  1.93435419e-02
  0.00000000e+00
  5.32779461e-02
  0.00000000e+00
 -1.62075639e-02
 -0.00000000e+00
TS 0  9.50000000e-01
 -3.94066831e-02
 -0.00000000e+00
 -3.14619427e-02
 -0.00000000e+00
 -3.22210984e-02
 -0.00000000e+00
 -5.45100023e-02
 -0.00000000e+00
TS 0  1.00000000e+00
 -6.41347250e-02
 -0.00000000e+00
 -8.11372479e-02
 -0.00000000e+00
 -1.15212078e-01
 -0.00000000e+00
 -8.44024355e-02
 -0.00000000e+00
TS 0  1.05100000e+00
 -8.63731315e-02
 -0.00000000e+00
 -1.33734159e-01
 -0.00000000e+00
 -1.95983276e-01
 -0.00000000e+00
 -9.61310848e-02
 -0.00000000e+00
TS 0  1.10100000e+00
 -9.99853435e-02
 -0.00000000e+00
 -1.89756540e-01
 -0.00000000e+00
 -2.68633742e-01
 -0.00000000e+00
 -8.26211913e-02
 -0.00000000e+00
TS 0  1.15100000e+00
 -9.97300204e-02
 -0.00000000e+00
 -2.50386360e-01
 -0.00000000e+00
 -3.29764970e-01
 -0.00000000e+00
 -4.38073629e-02
 -0.00000000e+00
TS 0  1.20100000e+00
 -8.20731836e-02
 -0.00000000e+00
 -3.10449351e-01
 -0.00000000e+00
 -3.72728800e-01
 -0.00000000e+00
  1.24044256e-02
  0.00000000e+00
TS 0  1.25100000e+00
 -4.89894161e-02
 -0.00000000e+00
 -3.57227044e-01
 -0.00000000e+00
 -3.91344072e-01
 -0.00000000e+00
  7.05843170e-02
  0.00000000e+00
TS 0  1.30100000e+00
 -9.02926296e-03
 -0.00000000e+00
 -3.75346680e-01
 -0.00000000e+00
 -3.80491188e-01
 -0.00000000e+00
  1.15117634e-01
  0.00000000e+00
TS 0  1.35100000e+00
  2.79637238e-02
  0.00000000e+00
 -3.54527166e-01
 -0.00000000e+00
 -3.38586423e-01
 -0.00000000e+00
  1.35125519e-01
  0.00000000e+00
TS 0  1.40100000e+00
  5.40253603e-02
  0.00000000e+00
 -2.89461615e-01
 -0.00000000e+00
 -2.69752139e-01
 -0.00000000e+00
  1.28617693e-01
  0.00000000e+00
TS 0  1.45100000e+00
  6.52130836e-02
  0.00000000e+00
 -1.76931063e-01
 -0.00000000e+00
 -1.83951638e-01
 -0.00000000e+00
  9.95590667e-02
  0.00000000e+00
TS 0  1.50100000e+00
  6.40167876e-02
  0.00000000e+00
 -3.28114741e-02
 -0.00000000e+00
 -8.92136813e-02
 -0.00000000e+00
  5.51369172e-02
  0.00000000e+00
TS 0  1.55100000e+00
  5.58037785e-02
  0.00000000e+00
  1.16045435e-01
  0.00000000e+00
  8.55616205e-03
  0.00000000e+00
  4.81273499e-03
  0.00000000e+00
TS 0  1.60100000e+00
  4.54395817e-02
  0.00000000e+00
  2.41585846e-01
  0.00000000e+00
  1.04952816e-01
  0.00000000e+00
 -4.10612843e-02
 -0.00000000e+00
TS 0  1.65100000e+00
  3.52357266e-02
  0.00000000e+00
  3.24393954e-01
  0.00000000e+00
  1.95032341e-01
  0.00000000e+00
 -7.27462593e-02
 -0.00000000e+00
TS 0  1.70100000e+00
  2.51615437e-02
  0.00000000e+00
  3.58726644e-01
  0.00000000e+00
  2.72162734e-01
  0.00000000e+00
 -8.33970512e-02
 -0.00000000e+00
TS 0  1.75100000e+00
  1.47660216e-02
  0.00000000e+00
  3.52085471e-01
  0.00000000e+00
  3.28234623e-01
  0.00000000e+00
 -7.17406902e-02
 -0.00000000e+00
TS 0  1.80100000e+00
  4.69499686e-03
  0.00000000e+00
  3.18017136e-01
  0.00000000e+00
  3.56467610e-01
  0.00000000e+00
 -4.28787141e-02
 -0.00000000e+00
TS 0  1.85100000e+00
 -3.71716607e-03
 -0.00000000e+00
  2.70008055e-01
  0.00000000e+00
  3.53574600e-01
  0.00000000e+00
 -5.51083909e-03
 -0.00000000e+00
TS 0  1.90100000e+00
 -8.96276693e-03
 -0.00000000e+00
  2.14830101e-01
  0.00000000e+00
  3.24384733e-01
  0.00000000e+00
  2.62369043e-02
  0.00000000e+00
TS 0  1.95100000e+00
 -1.16470593e-02
 -0.00000000e+00
  1.58543805e-01
  0.00000000e+00
  2.74524129e-01
  0.00000000e+00
  4.28705892e-02
  0.00000000e+00
TS 0  2.00100000e+00
 -1.28431431e-02
 -0.00000000e+00
  1.05159141e-01
  0.00000000e+00
  2.10089946e-01
  0.00000000e+00
  3.98163554e-02
  0.00000000e+00
TS 0  2.05100000e+00
 -1.39343786e-02
 -0.00000000e+00
  5.69094172e-02
  0.00000000e+00
  1.36563240e-01
  0.00000000e+00
  1.88945883e-02
  0.00000000e+00
TS 0  2.10100000e+00
 -1.62731970e-02
 -0.00000000e+00
  1.36772885e-02
  0.00000000e+00
  5.87793100e-02
  0.00000000e+00
 -1.31117525e-02
 -0.00000000e+00
TS 0  2.15100000e+00
 -2.09938509e-02
 -0.00000000e+00
 -2.64145604e-02
 -0.00000000e+00
 -1.90938153e-02
 -0.00000000e+00
 -4.69349087e-02
 -0.00000000e+00
TS 0  2.20100000e+00
 -2.86276280e-02
 -0.00000000e+00
 -6.57361750e-02
 -0.00000000e+00
 -9.36246860e-02
 -0.00000000e+00
 -7.29902102e-02
 -0.00000000e+00
TS 0  2.25100000e+00
 -3.86303115e-02
 -0.00000000e+00
 -1.06264959e-01
 -0.00000000e+00
 -1.61820027e-01
 -0.00000000e+00
 -8.29983347e-02
 -0.00000000e+00
TS 0  2.30100000e+00
 -4.89924990e-02
 -0.00000000e+00
 -1.49087389e-01
 -0.00000000e+00
 -2.20541328e-01
 -0.00000000e+00
 -7.16826984e-02
 -0.00000000e+00
TS 0  2.35100000e+00
 -5.62569245e-02
 -0.00000000e+00
 -1.93789535e-01
 -0.00000000e+00
 -2.66053242e-01
 -0.00000000e+00
 -3.89634690e-02
 -0.00000000e+00
TS 0  2.40100000e+00
 -5.64420173e-02
 -0.00000000e+00
 -2.37224456e-01
 -0.00000000e+00
 -2.94519146e-01
 -0.00000000e+00
  8.47765189e-03
  0.00000000e+00
TS 0  2.45100000e+00
 -4.69173922e-02
 -0.00000000e+00
 -2.72135581e-01
 -0.00000000e+00
 -3.03399489e-01
 -0.00000000e+00
  5.82542039e-02
  0.00000000e+00
TS 0  2.50100000e+00
 -2.85232926e-02
 -0.00000000e+00
 -2.87781984e-01
 -0.00000000e+00
 -2.91895955e-01
 -0.00000000e+00
  9.69039689e-02
  0.00000000e+00
TS 0  2.55100000e+00
 -4.75277252e-03
 -0.00000000e+00
 -2.74597816e-01
 -0.00000000e+00
 -2.60983052e-01
 -0.00000000e+00
  1.14618184e-01
  0.00000000e+00
TS 0  2.60100000e+00
  1.92169760e-02
  0.00000000e+00
 -2.30788811e-01
 -0.00000000e+00
 -2.11626656e-01
 -0.00000000e+00
  1.08562938e-01
  0.00000000e+00
TS 0  2.65100000e+00
  3.82884682e-02
  0.00000000e+00
 -1.52388162e-01
 -0.00000000e+00
 -1.50205846e-01
 -0.00000000e+00
  8.20396674e-02
  0.00000000e+00
TS 0  2.70100000e+00
  4.99921908e-02
  0.00000000e+00
 -4.81288309e-02
 -0.00000000e+00
 -8.14993864e-02
 -0.00000000e+00
  4.23066582e-02
  0.00000000e+00
TS 0  2.75100000e+00
  5.43339926e-02
  0.00000000e+00
  6.42995647e-02
  0.00000000e+00
 -9.18092538e-03
 -0.00000000e+00
 -1.17989764e-03
 -0.00000000e+00
TS 0  2.80100000e+00
  5.24940972e-02
  0.00000000e+00
  1.64501209e-01
  0.00000000e+00
  6.37889782e-02
  0.00000000e+00
 -3.88444216e-02
 -0.00000000e+00
TS 0  2.85100000e+00
  4.55942806e-02
  0.00000000e+00
  2.36545303e-01
  0.00000000e+00
  1.34022775e-01
  0.00000000e+00
 -6.29068758e-02
 -0.00000000e+00
TS 0  2.90100000e+00
  3.44599334e-02
  0.00000000e+00
  2.73442021e-01
  0.00000000e+00
  1.96896962e-01
  0.00000000e+00
 -6.90410089e-02
 -0.00000000e+00
TS 0  2.95100000e+00
  2.03229403e-02
  0.00000000e+00
  2.77576004e-01
  0.00000000e+00
  2.46570351e-01
  0.00000000e+00
 -5.74690339e-02
 -0.00000000e+00
TS 0  3.00100000e+00
  5.45495963e-03
  0.00000000e+00
  2.56904414e-01
  0.00000000e+00
  2.77399393e-01
  0.00000000e+00
 -3.29846540e-02
 -0.00000000e+00
TS 0  3.05100000e+00
 -7.48787809e-03
 -0.00000000e+00
  2.21995385e-01
  0.00000000e+00
  2.84706078e-01
  0.00000000e+00
 -2.59479093e-03
 -0.00000000e+00
TS 0  3.10100000e+00
 -1.59838953e-02
 -0.00000000e+00
  1.79954977e-01
  0.00000000e+00
  2.69773467e-01
  0.00000000e+00
  2.25463312e-02
  0.00000000e+00
TS 0  3.15100000e+00
 -1.96364645e-02
 -0.00000000e+00
  1.35851836e-01
  0.00000000e+00
  2.35769621e-01
  0.00000000e+00
  3.52182811e-02
  0.00000000e+00
TS 0  3.20100000e+00
 -1.91948810e-02
 -0.00000000e+00
  9.32078388e-02
  0.00000000e+00
  1.86835523e-01
  0.00000000e+00
  3.22790629e-02
  0.00000000e+00
TS 0  3.25100000e+00
 -1.62798115e-02
 -0.00000000e+00
  5.38818248e-02
  0.00000000e+00
  1.27507698e-01
  0.00000000e+00
  1.52178221e-02
  0.00000000e+00
TS 0  3.30100000e+00
 -1.30459109e-02
 -0.00000000e+00
  1.81592389e-02
  0.00000000e+00
  6.23967550e-02
  0.00000000e+00
 -1.06485553e-02
 -0.00000000e+00
TS 0  3.35100000e+00
 -1.16327699e-02
 -0.00000000e+00
 -1.52037612e-02
 -0.00000000e+00
 -4.02545742e-03
 -0.00000000e+00
 -3.78935450e-02
 -0.00000000e+00
TS 0  3.40100000e+00
 -1.36052187e-02
 -0.00000000e+00
 -4.79468629e-02
 -0.00000000e+00
 -6.77917458e-02
 -0.00000000e+00
 -5.87622887e-02
 -0.00000000e+00
TS 0  3.45100000e+00
 -1.94177077e-02
 -0.00000000e+00
 -8.15073362e-02
 -0.00000000e+00
 -1.25506631e-01
 -0.00000000e+00
 -6.66889541e-02
 -0.00000000e+00
TS 0  3.50100000e+00
 -2.80159206e-02
 -0.00000000e+00
 -1.16529627e-01
 -0.00000000e+00
 -1.74176137e-01
 -0.00000000e+00
 -5.77528145e-02
 -0.00000000e+00
TS 0  3.55100000e+00
 -3.67770657e-02
 -0.00000000e+00
 -1.52443437e-01
 -0.00000000e+00
 -2.11002599e-01
 -0.00000000e+00
 -3.21973897e-02
 -0.00000000e+00
TS 0  3.60100000e+00
 -4.21132059e-02
 -0.00000000e+00
 -1.86791456e-01
 -0.00000000e+00
 -2.33576488e-01
 -0.00000000e+00
  4.75609594e-03
  0.00000000e+00
TS 0  3.65100000e+00
 -4.07632289e-02
 -0.00000000e+00
 -2.14526612e-01
 -0.00000000e+00
 -2.40668744e-01
 -0.00000000e+00
  4.39126528e-02
  0.00000000e+00
TS 0  3.70100000e+00
 -3.15034951e-02
 -0.00000000e+00
 -2.27986277e-01
 -0.00000000e+00
 -2.32429849e-01
 -0.00000000e+00
  7.50044500e-02
  0.00000000e+00
TS 0  3.75100000e+00
 -1.54387502e-02
 -0.00000000e+00
 -2.19463846e-01
 -0.00000000e+00
 -2.10569116e-01
 -0.00000000e+00
  9.02163309e-02
  0.00000000e+00
TS 0  3.80100000e+00
  4.12959104e-03
  0.00000000e+00
 -1.88577056e-01
 -0.00000000e+00
 -1.74746026e-01
 -0.00000000e+00
  8.66453001e-02
  0.00000000e+00
TS 0  3.85100000e+00
  2.29340801e-02
  0.00000000e+00
 -1.32295142e-01
 -0.00000000e+00
 -1.29205971e-01
 -0.00000000e+00
  6.64762905e-02
  0.00000000e+00
TS 0  3.90100000e+00
  3.75164785e-02
  0.00000000e+00
 -5.56007449e-02
 -0.00000000e+00
 -7.72080480e-02
 -0.00000000e+00
  3.54038734e-02
  0.00000000e+00
TS 0  3.95100000e+00
  4.60037067e-02
  0.00000000e+00
  2.97844117e-02
  0.00000000e+00
 -2.12487361e-02
 -0.00000000e+00
  1.09607594e-03
  0.00000000e+00
TS 0  4.00100000e+00
  4.79319981e-02
  0.00000000e+00
  1.09416530e-01
  0.00000000e+00
  3.64224499e-02
  0.00000000e+00
 -2.86776213e-02
 -0.00000000e+00
TS 0  4.05100000e+00
  4.36885285e-02
  0.00000000e+00
  1.70932693e-01
  0.00000000e+00
  9.31218988e-02
  0.00000000e+00
 -4.77767416e-02
 -0.00000000e+00
TS 0  4.10100000e+00
  3.42200695e-02
  0.00000000e+00
  2.07560180e-01
  0.00000000e+00
  1.45252395e-01
  0.00000000e+00
 -5.30032682e-02
 -0.00000000e+00
TS 0  4.15100000e+00
  2.11485383e-02
  0.00000000e+00
  2.18869555e-01
  0.00000000e+00
  1.88447101e-01
  0.00000000e+00
 -4.47183640e-02
 -0.00000000e+00
TS 0  4.20100000e+00
  6.88450338e-03
  0.00000000e+00
  2.08957391e-01
  0.00000000e+00
  2.18319765e-01
  0.00000000e+00
 -2.65628299e-02
 -0.00000000e+00
TS 0  4.25100000e+00
 -5.85985909e-03
 -0.00000000e+00
  1.85650186e-01
  0.00000000e+00
  2.30277307e-01
  0.00000000e+00
 -3.95662944e-03
 -0.00000000e+00
TS 0  4.30100000e+00
 -1.46292672e-02
 -0.00000000e+00
  1.54832921e-01
  0.00000000e+00
  2.23954323e-01
  0.00000000e+00
  1.50778566e-02
  0.00000000e+00
TS 0  4.35100000e+00
 -1.86378861e-02
 -0.00000000e+00
  1.20886759e-01
  0.00000000e+00
  2.01080213e-01
  0.00000000e+00
  2.48739572e-02
  0.00000000e+00
TS 0  4.40100000e+00
 -1.83175840e-02
 -0.00000000e+00
  8.67833763e-02
  0.00000000e+00
  1.64443271e-01
  0.00000000e+00
  2.31210210e-02
  0.00000000e+00
TS 0  4.45100000e+00
 -1.50302532e-02
 -0.00000000e+00
  5.41604633e-02
  0.00000000e+00
  1.17604417e-01
  0.00000000e+00
  1.07485865e-02
  0.00000000e+00
TS 0  4.50100000e+00
 -1.08466546e-02
 -0.00000000e+00
  2.37196306e-02
  0.00000000e+00
  6.44841674e-02
  0.00000000e+00
 -8.43457835e-03
 -0.00000000e+00
TS 0  4.55100000e+00
 -7.92783196e-03
 -0.00000000e+00
 -5.10170721e-03
 -0.00000000e+00
  9.16078468e-03
  0.00000000e+00
 -2.88882809e-02
 -0.00000000e+00
TS 0  4.60100000e+00
 -7.95640417e-03
 -0.00000000e+00
 -3.34050205e-02
 -0.00000000e+00
 -4.45784500e-02
 -0.00000000e+00
 -4.46889311e-02
 -0.00000000e+00
TS 0  4.65100000e+00
 -1.16303717e-02
 -0.00000000e+00
 -6.21601867e-02
 -0.00000000e+00
 -9.34632664e-02
 -0.00000000e+00
 -5.08319245e-02
 -0.00000000e+00
TS 0  4.70100000e+00
 -1.83290778e-02
 -0.00000000e+00
 -9.17236779e-02
 -0.00000000e+00
 -1.34773008e-01
 -0.00000000e+00
 -4.44114620e-02
 -0.00000000e+00
TS 0  4.75100000e+00
 -2.60896206e-02
 -0.00000000e+00
 -1.21468354e-01
 -0.00000000e+00
 -1.66266594e-01
 -0.00000000e+00
 -2.56420368e-02
 -0.00000000e+00
TS 0  4.80100000e+00
 -3.20685647e-02
 -0.00000000e+00
 -1.49381423e-01
 -0.00000000e+00
 -1.86219514e-01
 -0.00000000e+00
  1.72541531e-03
  0.00000000e+00
TS 0  4.85100000e+00
 -3.34295128e-02
 -0.00000000e+00
 -1.71732326e-01
 -0.00000000e+00
 -1.93876212e-01
 -0.00000000e+00
  3.11864870e-02
  0.00000000e+00
TS 0  4.90100000e+00
 -2.85692255e-02
 -0.00000000e+00
 -1.83142970e-01
 -0.00000000e+00
 -1.89465592e-01
 -0.00000000e+00
  5.53419066e-02
  0.00000000e+00
TS 0  4.95100000e+00
 -1.76261956e-02
 -0.00000000e+00
 -1.77944893e-01
 -0.00000000e+00
 -1.74398717e-01
 -0.00000000e+00
  6.82393851e-02
  0.00000000e+00
TS 0  5.00000000e+00
 -2.90841380e-03
 -0.00000000e+00
 -1.56289861e-01
 -0.00000000e+00
 -1.49022219e-01
 -0.00000000e+00
  6.73301325e-02
  0.00000000e+00
ENDDS
