DATASET
OBJTYPE "mesh3d"
BEGVEC
ND 8
NC 6
NAME "Velocity"
TIMEUNITS SECONDS
TS 0  0.00000000e+00
 0.00000000e+00  0.00000000e+00  0.00000000e+00
 0.00000000e+00  0.00000000e+00  0.00000000e+00
 0.00000000e+00  0.00000000e+00  0.00000000e+00
 0.00000000e+00  0.00000000e+00  0.00000000e+00
 0.00000000e+00  0.00000000e+00  0.00000000e+00
 0.00000000e+00  0.00000000e+00  0.00000000e+00
 0.00000000e+00  0.00000000e+00  0.00000000e+00
 0.00000000e+00  0.00000000e+00  0.00000000e+00
TS 0  5.00000000e-02
 3.08251049e-01 -5.19891585e-03 -1.77522546e-01
 3.08251049e-01 -5.19891585e-03  0.00000000e+00
 2.54127247e-02  2.20407502e-01  3.42769636e-01
 3.82814599e-01  9.00624923e-02 -1.31886335e-10
 2.35979469e-01 -5.21323414e-02  5.43543302e-01
-9.17106028e-02 -1.36495282e-01  5.20665439e-10
 2.96967887e-01  8.46564784e-03  5.73728302e-01
 2.96967887e-01  8.46564784e-03  0.00000000e+00
TS 0  1.00000000e-01
 6.17246607e-01 -3.44410456e-02  2.98704767e-01
 6.17246607e-01 -3.44410456e-02  0.00000000e+00
 9.30200784e-02  4.74185077e-01  4.39487765e-01
 6.51080496e-01  1.66525671e-01 -1.96576157e-10
 4.64529733e-01 -1.17614394e-01  8.80027341e-01
-1.86124849e-01 -2.44598594e-01 -2.74666394e-10
 5.69685046e-01  1.93675935e-02  5.53208782e-01
 5.69685046e-01  1.93675935e-02  0.00000000e+00
TS 0  1.50000000e-01
 8.90534728e-01 -7.62157365e-02  4.55432823e-01
 8.90534728e-01 -7.62157365e-02  0.00000000e+00
 1.38420107e-01  7.15582705e-01  9.41264372e-01
 9.00230122e-01  2.49994950e-01 -3.48285177e-09
 7.33575393e-01 -2.11637186e-01  1.20117763e+00
-2.67952246e-01 -3.49823803e-01  2.62070240e-09
 7.69673298e-01  3.87522002e-02  2.56015506e-01
 7.69673298e-01  3.87522002e-02  0.00000000e+00
TS 0  2.00000000e-01
 1.10082317e+00 -1.15447737e-01  2.80782284e-01
 1.10082317e+00 -1.15447737e-01  0.00000000e+00
 1.38239776e-01  8.92162443e-01  1.89785733e+00
 1.16397573e+00  3.53971004e-01 -2.38144850e-10
 1.00829312e+00 -3.24049735e-01  1.57380461e+00
-3.27607077e-01 -4.56112278e-01  8.08996932e-11
 8.87862220e-01  6.44198639e-02 -1.35618045e-01
 8.87862220e-01  6.44198639e-02  0.00000000e+00
TS 0  2.50000000e-01
 1.23488356e+00 -1.43503766e-01 -2.22170637e-02
 1.23488356e+00 -1.43503766e-01  0.00000000e+00
 1.16883817e-01  9.83307887e-01  2.87287993e+00
 1.39664637e+00  4.67899766e-01  1.29565412e-09
 1.22336874e+00 -4.34119870e-01  2.04644519e+00
-3.69789469e-01 -5.37074448e-01  9.48766405e-11
 9.35200380e-01  9.08599752e-02 -4.82060018e-01
 9.35200380e-01  9.08599752e-02  0.00000000e+00
TS 0  3.00000000e-01
 1.28431634e+00 -1.57315945e-01 -2.42304233e-01
 1.28431634e+00 -1.57315945e-01  0.00000000e+00
 1.01967169e-01  9.92679415e-01  3.37441749e+00
 1.53504137e+00  5.62935459e-01 -1.28186632e-09
 1.33156154e+00 -5.21232002e-01  2.56847702e+00
-4.03800505e-01 -5.53044571e-01  1.89008807e-09
 9.27367066e-01  1.12367224e-01 -7.19980361e-01
 9.27367066e-01  1.12367224e-01  0.00000000e+00
TS 0  3.50000000e-01
 1.24167242e+00 -1.55344836e-01 -2.82332059e-01
 1.24167242e+00 -1.55344836e-01  0.00000000e+00
 1.03072818e-01  9.34952672e-01  3.19185371e+00
 1.54624910e+00  6.06785593e-01 -1.65766880e-09
 1.31562264e+00 -5.70053329e-01  2.98422592e+00
-4.33907761e-01 -4.76498904e-01  2.57859309e-09
 8.77788287e-01  1.24425067e-01 -8.17490554e-01
 8.77788287e-01  1.24425067e-01  0.00000000e+00
TS 0  4.00000000e-01
 1.10662226e+00 -1.36828255e-01 -1.70444049e-01
 1.10662226e+00 -1.36828255e-01  0.00000000e+00
 1.16218302e-01  8.23636101e-01  2.42050318e+00
 1.43403460e+00  5.82392403e-01  7.25183129e-09
 1.18104219e+00 -5.69765433e-01  3.10975105e+00
-4.58047443e-01 -3.10503909e-01 -4.81214533e-10
 7.93844878e-01  1.24526435e-01 -7.36559491e-01
 7.93844878e-01  1.24526435e-01  0.00000000e+00
TS 0  4.50000000e-01
 8.93728171e-01 -1.04245854e-01 -2.96353041e-03
 8.93728171e-01 -1.04245854e-01  0.00000000e+00
 1.33151988e-01  6.67170773e-01  1.34346147e+00
 1.22169495e+00  4.95543218e-01  1.49524764e-08
 9.47331568e-01 -5.13145434e-01  2.81786368e+00
-4.68534265e-01 -9.21350476e-02 -5.94969865e-09
 6.74993042e-01  1.13192543e-01 -4.52185922e-01
 6.74993042e-01  1.13192543e-01  0.00000000e+00
TS 0  5.00000000e-01
 6.30223082e-01 -6.53854012e-02  1.35661820e-01
 6.30223082e-01 -6.53854012e-02  0.00000000e+00
 1.45884863e-01  4.71341187e-01  3.04947327e-01
 9.38782590e-01  3.70168004e-01  3.73576469e-08
 6.41060031e-01 -3.99853975e-01  2.08584424e+00
-4.54119875e-01  1.23563709e-01 -1.24299097e-08
 5.17154978e-01  9.47181144e-02 -2.02764682e-02
 5.17154978e-01  9.47181144e-02  0.00000000e+00
TS 0  5.50000000e-01
 3.45476402e-01 -2.95703305e-02  2.05947149e-01
 3.45476402e-01 -2.95703305e-02  0.00000000e+00
 1.48007267e-01  2.44801713e-01 -5.05587201e-01
 6.16118506e-01  2.35052301e-01  6.74383161e-10
 2.92410234e-01 -2.41147235e-01  1.05808864e+00
-4.05030197e-01  2.90806765e-01  1.50523357e-10
 3.23475840e-01  7.39901202e-02  4.27337656e-01
 3.23475840e-01  7.39901202e-02  0.00000000e+00
TS 0  6.00000000e-01
 6.38688489e-02 -2.08008662e-03  2.23261634e-01
 6.38688489e-02 -2.08008662e-03  0.00000000e+00
 1.35233915e-01  3.30382626e-03 -9.25678515e-01
 2.83041801e-01  1.10971568e-01 -1.77813152e-09
-6.46628361e-02 -5.97003037e-02 -1.10686886e-01
-3.18607639e-01  3.90741228e-01  1.92577688e-09
 1.08595621e-01  5.16993213e-02  7.21377335e-01
 1.08595621e-01  5.16993213e-02  0.00000000e+00
TS 0  6.50000000e-01
-2.02384953e-01  1.31275996e-02  1.68463164e-01
-2.02384953e-01  1.31275996e-02  0.00000000e+00
 1.02085802e-01 -2.36310331e-01 -1.22565795e+00
-9.20039969e-03  1.83384103e-02 -2.11356371e-09
-3.66591195e-01  9.91642264e-02 -1.02807584e+00
-2.21782632e-01  4.53380075e-01  2.01463863e-09
-1.09546112e-01  2.73162716e-02  8.02840725e-01
-1.09546112e-01  2.73162716e-02  0.00000000e+00
TS 0  7.00000000e-01
-4.39010121e-01  1.63641650e-02  5.47812952e-02
-4.39010121e-01  1.63641650e-02  0.00000000e+00
 5.35893432e-02 -4.43705601e-01 -1.34207264e+00
-2.49028100e-01 -4.23342569e-02 -5.41480664e-09
-6.04728436e-01  2.27770204e-01 -1.67521673e+00
-1.09766719e-01  4.59176857e-01  9.24117663e-09
-3.23643699e-01  5.37773785e-03  6.02023543e-01
-3.23643699e-01  5.37773785e-03  0.00000000e+00
TS 0  7.50000000e-01
-6.37032672e-01  1.21949342e-02 -9.40615068e-02
-6.37032672e-01  1.21949342e-02  0.00000000e+00
-8.59968198e-03 -6.07578167e-01 -1.32098087e+00
-4.27561561e-01 -7.62138775e-02 -3.20497867e-09
-7.59411515e-01  3.15951291e-01 -2.04776191e+00
 6.04606069e-03  4.21317226e-01  7.74234901e-09
-5.28979742e-01 -1.38646008e-02  1.97277204e-01
-5.28979742e-01 -1.38646008e-02  0.00000000e+00
TS 0  8.00000000e-01
-7.91479312e-01  7.30302237e-03 -2.44933231e-01
-7.91479312e-01  7.30302237e-03  0.00000000e+00
-8.04876879e-02 -7.28707797e-01 -1.22154792e+00
-5.42818514e-01 -9.09526460e-02  1.32912065e-09
-8.29390208e-01  3.64432992e-01 -2.19482639e+00
 1.12244241e-01  3.59920023e-01 -7.65088243e-10
-7.20328731e-01 -3.00530708e-02 -2.59630448e-01
-7.20328731e-01 -3.00530708e-02  0.00000000e+00
TS 0  8.50000000e-01
-8.99986612e-01  9.38119491e-03 -3.67160907e-01
-8.99986612e-01  9.38119491e-03  0.00000000e+00
-1.52866210e-01 -8.11185835e-01 -1.11214768e+00
-6.05032395e-01 -9.81503303e-02  8.79670548e-10
-8.33977231e-01  3.81748792e-01 -2.18452852e+00
 1.98656070e-01  2.95084462e-01 -5.47088701e-10
-8.86760492e-01 -4.27264625e-02 -6.14399461e-01
-8.86760492e-01 -4.27264625e-02  0.00000000e+00
TS 0  9.00000000e-01
-9.61192969e-01  2.45953105e-02 -4.52645462e-01
-9.61192969e-01  2.45953105e-02  0.00000000e+00
-2.14624919e-01 -8.60014753e-01 -1.03659057e+00
-6.30396869e-01 -1.08599735e-01  2.10144839e-10
-8.03823405e-01  3.79223965e-01 -2.06656073e+00
 2.60531191e-01  2.41382379e-01 -1.07761930e-10
-1.00972697e+00 -5.10806658e-02 -7.77224562e-01
-1.00972697e+00 -5.10806658e-02  0.00000000e+00
TS 0  9.50000000e-01
-9.73451559e-01  5.43631115e-02 -4.96311916e-01
-9.73451559e-01  5.43631115e-02  0.00000000e+00
-2.55497211e-01 -8.79194560e-01 -1.02058898e+00
-6.36600479e-01 -1.29019991e-01 -1.32558109e-11
-7.70703467e-01  3.66796165e-01 -1.86908771e+00
 2.97737774e-01  2.07188583e-01  2.45515128e-11
-1.06423555e+00 -5.35933781e-02 -7.17667426e-01
-1.06423555e+00 -5.35933781e-02  0.00000000e+00
TS 0  1.00000000e+00
-9.33241616e-01  9.36381937e-02 -4.80738939e-01
-9.33241616e-01  9.36381937e-02  0.00000000e+00
-2.67328117e-01 -8.70446620e-01 -1.07691139e+00
-6.40651811e-01 -1.60835284e-01  1.42103917e-07
-7.61103854e-01  3.51194799e-01 -1.60357411e+00
 3.13271750e-01  1.95701305e-01 -4.44017316e-08
-1.02412794e+00 -4.84338690e-02 -4.44984458e-01
-1.02412794e+00 -4.84338690e-02  0.00000000e+00
TS 0  1.05100000e+00
-8.31581073e-01  1.31512820e-01 -3.73134898e-01
-8.31581073e-01  1.31512820e-01  0.00000000e+00
-2.43984934e-01 -8.31145482e-01 -1.20451896e+00
-6.57219249e-01 -2.00769616e-01  1.44542605e-10
-7.90207538e-01  3.33657126e-01 -1.26373713e+00
 3.11165043e-01  2.06364127e-01 -1.06974334e-10
-8.69769164e-01 -3.40577242e-02  8.55219614e-03
-8.69769164e-01 -3.40577242e-02  0.00000000e+00
TS 0  1.10100000e+00
-6.65116670e-01  1.50372366e-01 -1.51375589e-01
-6.65116670e-01  1.50372366e-01  0.00000000e+00
-1.85532882e-01 -7.57788144e-01 -1.36431270e+00
-6.92120763e-01 -2.37196152e-01  1.33353921e-09
-8.48284361e-01  3.09738740e-01 -8.66910841e-01
 2.95079413e-01  2.32142847e-01 -1.06610187e-09
-6.18346086e-01 -1.18651339e-02  5.34479278e-01
-6.18346086e-01 -1.18651339e-02  0.00000000e+00
TS 0  1.15100000e+00
-4.31849382e-01  1.36685537e-01  1.74581413e-01
-4.31849382e-01  1.36685537e-01  0.00000000e+00
-9.85437825e-02 -6.42548430e-01 -1.48064657e+00
-7.34592255e-01 -2.55338028e-01  3.00345416e-10
-8.94799380e-01  2.69873100e-01 -4.35936334e-01
 2.66191128e-01  2.56507165e-01 -1.80415648e-10
-3.11557412e-01  1.44467283e-02  9.91667141e-01
-3.11557412e-01  1.44467283e-02  0.00000000e+00
TS 0  1.20100000e+00
-1.47478128e-01  8.66005979e-02  5.26508216e-01
-1.47478128e-01  8.66005979e-02  0.00000000e+00
-3.47717414e-04 -4.77848222e-01 -1.43895608e+00
-7.47044018e-01 -2.38430285e-01  3.87793871e-09
-8.61059433e-01  2.07665439e-01 -2.64114429e-02
 2.22097524e-01  2.52206621e-01 -3.36745384e-09
-8.84389810e-03  3.84333923e-02  1.20178458e+00
-8.84389810e-03  3.84333923e-02  0.00000000e+00
TS 0  1.25100000e+00
 1.54630754e-01  1.36008210e-02  7.63767554e-01
 1.54630754e-01  1.36008210e-02  0.00000000e+00
 7.97713357e-02 -2.67202482e-01 -1.13804344e+00
-6.71935399e-01 -1.79685051e-01  2.23499488e-08
-6.86472499e-01  1.26790121e-01  3.24974784e-01
 1.59669993e-01  1.98266691e-01 -4.21087396e-08
 2.45795813e-01  5.21543755e-02  1.07514619e+00
 2.45795813e-01  5.21543755e-02  0.00000000e+00
TS 0  1.30100000e+00
 4.35731359e-01 -6.63280336e-02  8.00689199e-01
 4.35731359e-01 -6.63280336e-02  0.00000000e+00
 1.12397445e-01 -3.08164147e-02 -4.55876912e-01
-4.70412393e-01 -8.45151740e-02  1.65228126e-08
-3.59367258e-01  3.05881315e-02  5.55172536e-01
 8.36472139e-02  9.25616234e-02 -1.31475915e-08
 4.32798682e-01  5.62683045e-02  6.67739824e-01
 4.32798682e-01  5.62683045e-02  0.00000000e+00
TS 0  1.35100000e+00
 6.69892428e-01 -1.35063031e-01  6.55233492e-01
 6.69892428e-01 -1.35063031e-01  0.00000000e+00
 8.70058425e-02  1.94558350e-01  4.31545836e-01
-1.47420882e-01  3.32041416e-02  4.71108076e-09
 6.19897358e-02 -7.47405457e-02  7.23080611e-01
 9.30373771e-03 -5.29567197e-02  4.73618393e-10
 5.54882504e-01  5.38508899e-02  1.27553124e-01
 5.54882504e-01  5.38508899e-02  0.00000000e+00
TS 0  1.40100000e+00
 8.44915231e-01 -1.81712029e-01  3.72585075e-01
 8.44915231e-01 -1.81712029e-01  0.00000000e+00
 8.41640287e-03  3.55856508e-01  1.59139519e+00
 2.61063141e-01  1.71944427e-01  5.54991365e-10
 4.77628191e-01 -1.77829033e-01  8.48746636e-01
-4.14882234e-02 -2.29322496e-01 -3.21698827e-10
 6.21182082e-01  5.19365209e-02 -3.74278443e-01
 6.21182082e-01  5.19365209e-02  0.00000000e+00
TS 0  1.45100000e+00
 9.58607947e-01 -2.03880419e-01  8.44248515e-02
 9.58607947e-01 -2.03880419e-01  0.00000000e+00
-6.77756011e-02  4.53997870e-01  2.61935712e+00
 6.53513710e-01  3.11580901e-01 -8.00236873e-10
 8.12719903e-01 -2.75068942e-01  1.09285205e+00
-8.72013553e-02 -3.82735792e-01  3.03003198e-09
 6.42929273e-01  5.51247617e-02 -7.63656850e-01
 6.42929273e-01  5.51247617e-02  0.00000000e+00
TS 0  1.50100000e+00
 1.00788715e+00 -2.00537925e-01 -1.13214680e-01
 1.00788715e+00 -2.00537925e-01  0.00000000e+00
-1.04109616e-01  5.02261272e-01  3.14629847e+00
 9.47175958e-01  4.25520495e-01 -1.05808747e-08
 1.02289904e+00 -3.58795481e-01  1.47583237e+00
-1.42465408e-01 -4.66464090e-01  7.94117498e-09
 6.29996777e-01  6.51659023e-02 -9.81227448e-01
 6.29996777e-01  6.51659023e-02  0.00000000e+00
TS 0  1.55100000e+00
 9.88458816e-01 -1.72342616e-01 -1.98408693e-01
 9.88458816e-01 -1.72342616e-01  0.00000000e+00
-9.29899523e-02  5.13735698e-01  3.04086723e+00
 1.10443517e+00  4.85838698e-01 -1.10450035e-08
 1.09519030e+00 -4.20724833e-01  1.89918933e+00
-2.09661386e-01 -4.48958172e-01  6.88302991e-09
 5.89356681e-01  8.05342995e-02 -9.96785758e-01
 5.89356681e-01  8.05342995e-02  0.00000000e+00
TS 0  1.60100000e+00
 9.00809390e-01 -1.23552839e-01 -2.08576841e-01
 9.00809390e-01 -1.23552839e-01  0.00000000e+00
-4.71394666e-02  4.93807982e-01  2.39774629e+00
 1.12969224e+00  4.79905943e-01 -2.64283426e-09
 1.03999881e+00 -4.52139723e-01  2.20619412e+00
-2.82065404e-01 -3.28273809e-01  2.52792218e-09
 5.23921602e-01  9.74313313e-02 -8.05100143e-01
 5.23921602e-01  9.74313313e-02  0.00000000e+00
TS 0  1.65100000e+00
 7.55270982e-01 -6.30117232e-02 -2.00398190e-01
 7.55270982e-01 -6.30117232e-02  0.00000000e+00
 1.32774758e-02  4.39664130e-01  1.46917680e+00
 1.04802177e+00  4.16260151e-01  2.14958821e-09
 8.82014041e-01 -4.44056316e-01  2.24963564e+00
-3.47902668e-01 -1.35818805e-01 -8.95369034e-10
 4.32725936e-01  1.11149315e-01 -4.38245375e-01
 4.32725936e-01  1.11149315e-01  0.00000000e+00
TS 0  1.70100000e+00
 5.69998006e-01 -3.26654540e-03 -2.04009567e-01
 5.69998006e-01 -3.26654540e-03  0.00000000e+00
 7.00986990e-02  3.47515457e-01  5.36908761e-01
 8.86504962e-01  3.17097406e-01  4.76449025e-08
 6.49546007e-01 -3.89415364e-01  1.95336695e+00
-3.91093072e-01  7.38326600e-02 -2.07689434e-08
 3.13860057e-01  1.18005777e-01  1.62165786e-02
 3.13860057e-01  1.18005777e-01  0.00000000e+00
TS 0  1.75100000e+00
 3.63702736e-01  4.34283203e-02 -2.11130414e-01
 3.63702736e-01  4.34283203e-02  0.00000000e+00
 1.09651892e-01  2.15384663e-01 -2.08714382e-01
 6.70125600e-01  2.08175211e-01  2.35094388e-09
 3.71198093e-01 -2.88708837e-01  1.34817942e+00
-3.97073158e-01  2.50967372e-01 -1.17804650e-09
 1.70531533e-01  1.14697263e-01  4.34657208e-01
 1.70531533e-01  1.14697263e-01  0.00000000e+00
TS 0  1.80100000e+00
 1.51913801e-01  7.01726620e-02 -1.89749018e-01
 1.51913801e-01  7.01726620e-02  0.00000000e+00
 1.24308198e-01  5.06986244e-02 -6.64720162e-01
 4.19761229e-01  1.07973811e-01 -1.67393799e-08
 7.43321168e-02 -1.51891097e-01  5.22137297e-01
-3.55417599e-01  3.64005793e-01  8.51868087e-09
 1.22965874e-02  9.81130166e-02  6.92650639e-01
 1.22965874e-02  9.81130166e-02  0.00000000e+00
TS 0  1.85100000e+00
-5.65774989e-02  7.22044664e-02 -1.36707268e-01
-5.65774989e-02  7.22044664e-02  0.00000000e+00
 1.04358273e-01 -1.36005219e-01 -9.25502860e-01
 1.69946379e-01  3.13028923e-02 -4.08866341e-08
-1.73478142e-01 -2.20097257e-02 -2.91865810e-01
-2.83049227e-01  4.30847619e-01  2.24501595e-08
-1.51846513e-01  6.93119417e-02  7.30628250e-01
-1.51846513e-01  6.93119417e-02  0.00000000e+00
TS 0  1.90100000e+00
-2.50440699e-01  5.53605414e-02 -7.61739922e-02
-2.50440699e-01  5.53605414e-02  0.00000000e+00
 5.77395742e-02 -3.22195782e-01 -1.07477001e+00
-5.77586089e-02 -1.84630316e-02 -6.30371919e-10
-3.69468667e-01  9.60100953e-02 -9.49779982e-01
-1.85782969e-01  4.48917286e-01  6.86305115e-10
-3.12531389e-01  3.02973978e-02  5.08848518e-01
-3.12531389e-01  3.02973978e-02  0.00000000e+00
TS 0  1.95100000e+00
-4.19766128e-01  2.95502270e-02 -3.45696417e-02
-4.19766128e-01  2.95502270e-02  0.00000000e+00
-7.17207030e-03 -4.87817567e-01 -1.10274868e+00
-2.51581162e-01 -4.75484778e-02  2.38334332e-10
-5.06376428e-01  1.93417015e-01 -1.43540085e+00
-7.37384922e-02  4.25019554e-01  9.37621281e-11
-4.65496349e-01 -1.31669359e-02  1.40384042e-01
-4.65496349e-01 -1.31669359e-02  0.00000000e+00
TS 0  2.00100000e+00
-5.57199461e-01  5.65584472e-03 -1.81696560e-02
-5.57199461e-01  5.65584472e-03  0.00000000e+00
-8.20673551e-02 -6.23465902e-01 -1.05989309e+00
-4.01088580e-01 -6.28371245e-02  1.73088769e-10
-5.84552888e-01  2.64910839e-01 -1.74095554e+00
 3.86085996e-02  3.74691741e-01 -8.43233039e-11
-6.06207342e-01 -5.41528006e-02 -2.55800750e-01
-6.06207342e-01 -5.41528006e-02  0.00000000e+00
TS 0  2.05100000e+00
-6.57265615e-01 -6.18087774e-03 -2.99696893e-02
-6.57265615e-01 -6.18087774e-03  0.00000000e+00
-1.55877261e-01 -7.24608533e-01 -9.85790730e-01
-5.03034803e-01 -7.29762491e-02 -9.17800539e-11
-6.17188317e-01  3.10500720e-01 -1.88205993e+00
 1.37502383e-01  3.15291278e-01  8.11053340e-10
-7.26307160e-01 -8.60205598e-02 -5.57719110e-01
-7.26307160e-01 -8.60205598e-02  0.00000000e+00
TS 0  2.10100000e+00
-7.15696015e-01  4.45875453e-04 -6.75017209e-02
-7.15696015e-01  4.45875453e-04  0.00000000e+00
-2.15794201e-01 -7.88307942e-01 -9.22878323e-01
-5.62100529e-01 -8.64050052e-02 -1.98665259e-11
-6.24721907e-01  3.32655681e-01 -1.87729471e+00
 2.12484483e-01  2.61801444e-01  4.77764842e-11
-8.12929485e-01 -1.02819641e-01 -6.90946131e-01
-8.12929485e-01 -1.02819641e-01  0.00000000e+00
TS 0  2.15100000e+00
-7.29007485e-01  2.59304620e-02 -1.23255960e-01
-7.29007485e-01  2.59304620e-02  0.00000000e+00
-2.51218651e-01 -8.14238514e-01 -8.94514824e-01
-5.87688695e-01 -1.07770758e-01 -9.35271235e-12
-6.27507800e-01  3.34249493e-01 -1.74638958e+00
 2.58154544e-01  2.24138338e-01  1.98587002e-11
-8.50132033e-01 -9.99181787e-02 -6.29581653e-01
-8.50132033e-01 -9.99181787e-02  0.00000000e+00
TS 0  2.20100000e+00
-6.94408934e-01  6.41843457e-02 -1.80425133e-01
-6.94408934e-01  6.41843457e-02  0.00000000e+00
-2.55763261e-01 -8.03902586e-01 -9.07425185e-01
-5.91435608e-01 -1.36835164e-01 -2.52401733e-10
-6.40518422e-01  3.18081586e-01 -1.50564508e+00
 2.74172957e-01  2.06887070e-01  2.47446394e-10
-8.22329335e-01 -7.58715129e-02 -3.84539161e-01
-8.22329335e-01 -7.58715129e-02  0.00000000e+00
TS 0  2.25100000e+00
-6.10065214e-01  1.03893945e-01 -2.13029625e-01
-6.10065214e-01  1.03893945e-01  0.00000000e+00
-2.28049225e-01 -7.59264203e-01 -9.53177763e-01
-5.84427052e-01 -1.68843950e-01  3.15111648e-11
-6.68576979e-01  2.87058189e-01 -1.16896291e+00
 2.64114796e-01  2.09575598e-01 -4.19535270e-11
-7.20768992e-01 -3.47260474e-02  2.53564150e-03
-7.20768992e-01 -3.47260474e-02  0.00000000e+00
TS 0  2.30100000e+00
-4.76039097e-01  1.31192693e-01 -1.89613864e-01
-4.76039097e-01  1.31192693e-01  0.00000000e+00
-1.71721053e-01 -6.80999271e-01 -1.00812679e+00
-5.73691236e-01 -1.95725202e-01  5.07281696e-10
-7.01265651e-01  2.44165348e-01 -7.57887074e-01
 2.33599296e-01  2.26066917e-01 -3.60936703e-10
-5.51591385e-01  1.32068174e-02  4.51082137e-01
-5.51591385e-01  1.32068174e-02  0.00000000e+00
TS 0  2.35100000e+00
-2.96829557e-01  1.33730242e-01 -8.70478853e-02
-2.96829557e-01  1.33730242e-01  0.00000000e+00
-9.61724903e-02 -5.69196780e-01 -1.03079492e+00
-5.57517299e-01 -2.07310124e-01  2.84943642e-10
-7.11572514e-01  1.92917954e-01 -3.15423613e-01
 1.88856342e-01  2.42994070e-01 -2.46583700e-10
-3.39148949e-01  5.42757770e-02  8.35242130e-01
-3.39148949e-01  5.42757770e-02  0.00000000e+00
TS 0  2.40100000e+00
-8.47467726e-02  1.05532151e-01  8.92163806e-02
-8.47467726e-02  1.05532151e-01  0.00000000e+00
-1.82623516e-02 -4.26982208e-01 -9.59109531e-01
-5.21508985e-01 -1.93214445e-01  3.90512854e-10
-6.62275154e-01  1.37124852e-01  8.45959958e-02
 1.36474318e-01  2.40690615e-01 -5.61667725e-10
-1.18403114e-01  7.75751422e-02  1.01947395e+00
-1.18403114e-01  7.75751422e-02  0.00000000e+00
TS 0  2.45100000e+00
 1.40117704e-01  5.12623354e-02  2.88705844e-01
 1.40117704e-01  5.12623354e-02  0.00000000e+00
 4.02738162e-02 -2.62284085e-01 -7.25739113e-01
-4.41283350e-01 -1.47775509e-01 -9.86913969e-11
-5.22235211e-01  7.95445163e-02  3.79088535e-01
 8.29669250e-02  2.01572319e-01 -1.45888939e-10
 8.03442125e-02  7.89644317e-02  9.25091493e-01
 8.03442125e-02  7.89644317e-02  0.00000000e+00
TS 0  2.50100000e+00
 3.55014172e-01 -1.71417967e-02  4.35640439e-01
 3.55014172e-01 -1.71417967e-02  0.00000000e+00
 6.61985063e-02 -8.21864820e-02 -2.50615110e-01
-3.01253299e-01 -7.54179162e-02 -4.95746648e-10
-2.88456822e-01  1.93063481e-02  5.42637674e-01
 3.36381387e-02  1.20748818e-01  4.26401318e-10
 2.39916180e-01  6.29313369e-02  5.86810484e-01
 2.39916180e-01  6.29313369e-02  0.00000000e+00
TS 0  2.55100000e+00
 5.39267317e-01 -8.43733855e-02  4.97300653e-01
 5.39267317e-01 -8.43733855e-02  0.00000000e+00
 5.17877079e-02  8.67143592e-02  3.06731516e-01
-9.63953007e-02  1.55819530e-02 -1.00558406e-09
 2.03338050e-02 -4.99797701e-02  6.59796384e-01
-1.42550512e-02  2.00941655e-02  2.12368157e-09
 3.56175513e-01  3.79506909e-02  1.13393902e-01
 3.56175513e-01  3.79506909e-02  0.00000000e+00
TS 0  2.60100000e+00
 6.80220396e-01 -1.36574173e-01  4.43575454e-01
 6.80220396e-01 -1.36574173e-01  0.00000000e+00
 2.36865550e-03  2.21140125e-01  1.02156469e+00
 1.60432889e-01  1.19455636e-01 -5.55568829e-12
 3.38081885e-01 -1.22467875e-01  7.25392207e-01
-4.51218760e-02 -1.07600038e-01  1.90693730e-10
 4.29435257e-01  1.66669550e-02 -3.44257085e-01
 4.29435257e-01  1.66669550e-02  0.00000000e+00
TS 0  2.65100000e+00
 7.73393008e-01 -1.65370998e-01  3.11211863e-01
 7.73393008e-01 -1.65370998e-01  0.00000000e+00
-5.36701911e-02  3.11037788e-01  1.72107254e+00
 4.25278885e-01  2.21161270e-01 -2.48373604e-09
 6.10591609e-01 -1.96494598e-01  8.47636199e-01
-7.22168250e-02 -2.24472527e-01  1.90558742e-09
 4.64619158e-01  6.36023847e-03 -6.91881480e-01
 4.64619158e-01  6.36023847e-03  0.00000000e+00
TS 0  2.70100000e+00
 8.16938076e-01 -1.67067570e-01  1.57468760e-01
 8.16938076e-01 -1.67067570e-01  0.00000000e+00
-8.65754864e-02  3.62772715e-01  2.16748917e+00
 6.46684773e-01  3.02194063e-01 -8.38714715e-09
 7.95478681e-01 -2.65734224e-01  1.07252402e+00
-1.08589514e-01 -2.96010287e-01  5.00898689e-09
 4.67175276e-01  1.06411839e-02 -8.65365496e-01
 4.67175276e-01  1.06411839e-02  0.00000000e+00
TS 0  2.75100000e+00
 8.09963868e-01 -1.42608716e-01  2.05979820e-02
 8.09963868e-01 -1.42608716e-01  0.00000000e+00
-8.33760563e-02  3.84797282e-01  2.22094419e+00
 7.90027837e-01  3.46104207e-01 -7.43997179e-09
 8.72513438e-01 -3.21451617e-01  1.35946592e+00
-1.59102514e-01 -2.97638885e-01  4.18090788e-09
 4.41623736e-01  2.85425424e-02 -8.41583913e-01
 4.41623736e-01  2.85425424e-02  0.00000000e+00
TS 0  2.80100000e+00
 7.53966501e-01 -9.77622809e-02 -9.03517880e-02
 7.53966501e-01 -9.77622809e-02  0.00000000e+00
-4.86543303e-02  3.80929667e-01  1.88803115e+00
 8.44821348e-01  3.45333007e-01 -2.30024894e-09
 8.44093453e-01 -3.54873797e-01  1.60718230e+00
-2.19638508e-01 -2.23531023e-01  1.55906230e-09
 3.90781646e-01  5.50958445e-02 -6.38509371e-01
 3.90781646e-01  5.50958445e-02  0.00000000e+00
TS 0  2.85100000e+00
 6.55205597e-01 -4.22754949e-02 -1.83249196e-01
 6.55205597e-01 -4.22754949e-02  0.00000000e+00
 3.12549334e-03  3.49768087e-01  1.30202028e+00
 8.17910749e-01  3.04283829e-01  2.65148549e-10
 7.28427341e-01 -3.58335795e-01  1.70263148e+00
-2.79790291e-01 -9.07231059e-02  1.00738256e-10
 3.16176925e-01  8.27169198e-02 -3.08835187e-01
 3.16176925e-01  8.27169198e-02  0.00000000e+00
TS 0  2.90100000e+00
 5.24139026e-01  1.20727586e-02 -2.58092136e-01
 5.24139026e-01  1.20727586e-02  0.00000000e+00
 5.56448868e-02  2.87967439e-01  6.43082694e-01
 7.22617900e-01  2.36183146e-01 -5.17671214e-08
 5.49447415e-01 -3.26097296e-01  1.57207210e+00
-3.25140896e-01  6.58683405e-02  2.85426514e-08
 2.19721410e-01  1.03384351e-01  6.24619175e-02
 2.19721410e-01  1.03384351e-01  0.00000000e+00
TS 0  2.95100000e+00
 3.71971291e-01  5.41860335e-02 -3.00642774e-01
 3.71971291e-01  5.41860335e-02  0.00000000e+00
 9.51216751e-02  1.93211540e-01  5.83134467e-02
 5.75091335e-01  1.58327616e-01  1.27342201e-09
 3.31337336e-01 -2.56971580e-01  1.20632911e+00
-3.41807856e-01  2.08615923e-01 -8.01950082e-10
 1.05706117e-01  1.10632499e-01  3.85569479e-01
 1.05706117e-01  1.10632499e-01  0.00000000e+00
TS 0  3.00100000e+00
 2.09086754e-01  7.69669627e-02 -2.86911959e-01
 2.09086754e-01  7.69669627e-02  0.00000000e+00
 1.13041750e-01  7.01731666e-02 -3.63171061e-01
 3.90637384e-01  8.48261197e-02 -1.13360667e-08
 9.66151303e-02 -1.56214905e-01  6.45154777e-01
-3.18672872e-01  3.07159465e-01  4.97120237e-09
-1.94794733e-02  1.01106859e-01  5.71145980e-01
-1.94794733e-02  1.01106859e-01  0.00000000e+00
TS 0  3.05100000e+00
 4.31147836e-02  7.71258413e-02 -2.18447275e-01
 4.31147836e-02  7.71258413e-02  0.00000000e+00
 9.96987292e-02 -7.56119492e-02 -6.20515868e-01
 1.92068146e-01  2.56396439e-02 -6.77125172e-09
-1.02522677e-01 -5.35728761e-02  1.36637684e-02
-2.64108331e-01  3.67000229e-01  3.42482815e-09
-1.49988286e-01  7.55209291e-02  5.88375335e-01
-1.49988286e-01  7.55209291e-02  0.00000000e+00
TS 0  3.10100000e+00
-1.16741912e-01  5.97808622e-02 -1.20331496e-01
-1.16741912e-01  5.97808622e-02  0.00000000e+00
 6.04677447e-02 -2.29994671e-01 -7.84050734e-01
-8.43258479e-04 -1.52571724e-02 -6.25854761e-10
-2.61216224e-01  4.51696134e-02 -5.46798046e-01
-1.85248873e-01  3.89322965e-01  4.87208543e-10
-2.78105293e-01  3.63140633e-02  3.95328918e-01
-2.78105293e-01  3.63140633e-02  0.00000000e+00
TS 0  3.15100000e+00
-2.61470558e-01  3.40912942e-02 -2.83356292e-02
-2.61470558e-01  3.40912942e-02  0.00000000e+00
 3.91734967e-03 -3.75812334e-01 -8.55296266e-01
-1.73474176e-01 -4.06049816e-02 -3.58237082e-10
-3.77508600e-01  1.33295880e-01 -1.00853251e+00
-9.11440416e-02  3.77739639e-01  3.84681080e-10
-3.99632516e-01 -9.49923167e-03  1.00387813e-01
-3.99632516e-01 -9.49923167e-03  0.00000000e+00
TS 0  3.20100000e+00
-3.83132115e-01  1.00838792e-02  4.03240919e-02
-3.83132115e-01  1.00838792e-02  0.00000000e+00
-6.09687279e-02 -5.00799558e-01 -8.66358568e-01
-3.15654185e-01 -5.62720267e-02  7.93139177e-11
-4.51914686e-01  2.03714566e-01 -1.34157051e+00
 6.13912391e-03  3.42900781e-01 -2.70404340e-11
-5.10667029e-01 -5.33089028e-02 -2.12495753e-01
-5.10667029e-01 -5.33089028e-02  0.00000000e+00
TS 0  3.25100000e+00
-4.74971701e-01 -2.94262402e-03  6.90006948e-02
-4.74971701e-01 -2.94262402e-03  0.00000000e+00
-1.24295749e-01 -5.97977623e-01 -8.37876313e-01
-4.20108599e-01 -6.81880366e-02 -1.39811915e-10
-4.93406473e-01  2.53415762e-01 -1.53634799e+00
 9.44262789e-02  2.97431443e-01  1.08670693e-10
-6.04847345e-01 -8.70946063e-02 -4.51776516e-01
-6.04847345e-01 -8.70946063e-02  0.00000000e+00
TS 0  3.30100000e+00
-5.31761560e-01  6.38733419e-04  5.30357278e-02
-5.31761560e-01  6.38733419e-04  0.00000000e+00
-1.74768828e-01 -6.61816054e-01 -8.01764063e-01
-4.86219863e-01 -8.23004571e-02 -2.18013025e-10
-5.15716645e-01  2.81542818e-01 -1.59098060e+00
 1.63112506e-01  2.53863827e-01  9.29662870e-10
-6.72956783e-01 -1.04185678e-01 -5.57535039e-01
-6.72956783e-01 -1.04185678e-01  0.00000000e+00
TS 0  3.35100000e+00
-5.49779280e-01  2.11184691e-02 -1.90003387e-03
-5.49779280e-01  2.11184691e-02  0.00000000e+00
-2.03361697e-01 -6.90139732e-01 -7.78767315e-01
-5.18183564e-01 -1.01683983e-01 -4.30195931e-10
-5.32140291e-01  2.88545848e-01 -1.51450946e+00
 2.05624288e-01  2.21384838e-01  1.02315193e-09
-7.04039602e-01 -1.00248038e-01 -5.05969101e-01
-7.04039602e-01 -1.00248038e-01  0.00000000e+00
TS 0  3.40100000e+00
-5.26898534e-01  5.33120975e-02 -7.86496814e-02
-5.26898534e-01  5.33120975e-02  0.00000000e+00
-2.05234935e-01 -6.83789872e-01 -7.77015523e-01
-5.23517109e-01 -1.25731611e-01 -5.35681007e-10
-5.51532661e-01  2.76092845e-01 -1.32184697e+00
 2.20264621e-01  2.04748701e-01  5.02086706e-10
-6.87760607e-01 -7.49933938e-02 -3.06454058e-01
-6.87760607e-01 -7.49933938e-02  0.00000000e+00
TS 0  3.45100000e+00
-4.62736756e-01  8.78875130e-02 -1.50388391e-01
-4.62736756e-01  8.78875130e-02  0.00000000e+00
-1.80457024e-01 -6.45434882e-01 -7.92152872e-01
-5.10910111e-01 -1.50552111e-01 -2.64412216e-10
-5.75238588e-01  2.47458425e-01 -1.03279583e+00
 2.09824269e-01  2.03880520e-01  1.56868560e-11
-6.18404586e-01 -3.37825347e-02  2.96089742e-03
-6.18404586e-01 -3.37825347e-02  0.00000000e+00
TS 0  3.50100000e+00
-3.59015493e-01  1.13684997e-01 -1.84563099e-01
-3.59015493e-01  1.13684997e-01  0.00000000e+00
-1.33670762e-01 -5.77783467e-01 -8.07957654e-01
-4.87447743e-01 -1.70100441e-01  1.96834130e-10
-5.94603212e-01  2.07382438e-01 -6.76885333e-01
 1.80131634e-01  2.13574267e-01 -1.60016164e-10
-4.99497282e-01  1.25439327e-02  3.54133360e-01
-4.99497282e-01  1.25439327e-02  0.00000000e+00
TS 0  3.55100000e+00
-2.20648218e-01  1.20734610e-01 -1.53514999e-01
-2.20648218e-01  1.20734610e-01  0.00000000e+00
-7.37729026e-02 -4.83411042e-01 -7.96973849e-01
-4.55304828e-01 -1.77312809e-01  8.78844996e-11
-5.91458210e-01  1.61433589e-01 -2.97302415e-01
 1.38481613e-01  2.23354341e-01 -8.75584320e-11
-3.45698742e-01  5.09519881e-02  6.50419772e-01
-3.45698742e-01  5.09519881e-02  0.00000000e+00
TS 0  3.60100000e+00
-5.74402363e-02  1.03430367e-01 -4.84772719e-02
-5.74402363e-02  1.03430367e-01  0.00000000e+00
-1.45958519e-02 -3.67907051e-01 -7.20055167e-01
-4.09047590e-01 -1.65062551e-01  1.47962379e-10
-5.43402818e-01  1.14653973e-01  4.44811880e-02
 9.28948665e-02  2.19149781e-01 -4.20449217e-10
-1.78997013e-01  7.16284898e-02  7.96067935e-01
-1.78997013e-01  7.16284898e-02  0.00000000e+00
TS 0  3.65100000e+00
 1.16533289e-01  6.34017805e-02  1.07117585e-01
 1.16533289e-01  6.34017805e-02  0.00000000e+00
 2.84672205e-02 -2.38734686e-01 -5.35236149e-01
-3.36817129e-01 -1.29246619e-01 -7.19735679e-11
-4.32211917e-01  6.93211822e-02  2.96886530e-01
 5.05186641e-02  1.88178579e-01  1.26669086e-10
-2.07436888e-02  7.14789314e-02  7.34751235e-01
-2.07436888e-02  7.14789314e-02  0.00000000e+00
TS 0  3.70100000e+00
 2.85031224e-01  8.81678761e-03  2.59183090e-01
 2.85031224e-01  8.81678761e-03  0.00000000e+00
 4.59413735e-02 -1.03373322e-01 -1.94323261e-01
-2.28527536e-01 -7.17660242e-02 -1.17487293e-11
-2.55960653e-01  2.42910108e-02  4.43938695e-01
 1.50846174e-02  1.27188871e-01  1.84825841e-11
 1.14517271e-01  5.44805821e-02  4.82340162e-01
 1.14517271e-01  5.44805821e-02  0.00000000e+00
TS 0  3.75100000e+00
 4.34492030e-01 -4.77822990e-02  3.70866291e-01
 4.34492030e-01 -4.77822990e-02  0.00000000e+00
 3.83183723e-02  2.85725713e-02  2.18475932e-01
-8.28687916e-02 -1.52070203e-03 -6.41152069e-11
-2.45123264e-02 -2.70437618e-02  5.37670702e-01
-1.92126407e-02  5.27732023e-02  4.31277396e-11
 2.20297833e-01  2.81573838e-02  1.16123214e-01
 2.20297833e-01  2.81573838e-02  0.00000000e+00
TS 0  3.80100000e+00
 5.52653991e-01 -9.47174482e-02  3.97519556e-01
 5.52653991e-01 -9.47174482e-02  0.00000000e+00
 6.47058183e-03  1.38435623e-01  7.00106561e-01
 9.66090713e-02  7.76304555e-02 -6.60589021e-10
 2.20053671e-01 -8.21202319e-02  6.01578156e-01
-4.29996797e-02 -3.99168387e-02  1.21353935e-09
 2.93329300e-01  4.63498300e-03 -2.51337606e-01
 2.93329300e-01  4.63498300e-03  0.00000000e+00
TS 0  3.85100000e+00
 6.34454126e-01 -1.23164614e-01  3.42910219e-01
 6.34454126e-01 -1.23164614e-01  0.00000000e+00
-3.25422914e-02  2.18687341e-01  1.19758704e+00
 2.87866714e-01  1.54736755e-01 -6.35930884e-10
 4.37658495e-01 -1.39691188e-01  6.83670048e-01
-6.37543336e-02 -1.28429326e-01  4.00610103e-10
 3.34595234e-01 -8.42002062e-03 -5.35938126e-01
 3.34595234e-01 -8.42002062e-03  0.00000000e+00
TS 0  3.90100000e+00
 6.77641585e-01 -1.28596950e-01  2.34254565e-01
 6.77641585e-01 -1.28596950e-01  0.00000000e+00
-5.85099875e-02  2.70322131e-01  1.55608998e+00
 4.59660923e-01  2.16837263e-01 -3.98689252e-09
 5.95170514e-01 -1.95573640e-01  8.32021465e-01
-9.15306369e-02 -1.87028360e-01  2.25650874e-09
 3.46916120e-01 -7.16515515e-03 -6.80884565e-01
 3.46916120e-01 -7.16515515e-03  0.00000000e+00
TS 0  3.95100000e+00
 6.81631762e-01 -1.11343376e-01  1.03921228e-01
 6.81631762e-01 -1.11343376e-01  0.00000000e+00
-5.94840964e-02  2.97676947e-01  1.66671150e+00
 5.85113140e-01  2.52930988e-01 -3.78463339e-09
 6.72532938e-01 -2.42796102e-01  1.03167565e+00
-1.30911352e-01 -1.97041034e-01  2.06951766e-09
 3.33338873e-01  8.09054395e-03 -6.64972646e-01
 3.33338873e-01  8.09054395e-03  0.00000000e+00
TS 0  4.00100000e+00
 6.47602474e-01 -7.63181801e-02 -2.53677851e-02
 6.47602474e-01 -7.63181801e-02  0.00000000e+00
-3.58223269e-02  3.02879999e-01  1.50591700e+00
 6.50155065e-01  2.57771824e-01 -1.35111808e-09
 6.66869953e-01 -2.73940154e-01  1.22008527e+00
-1.79587589e-01 -1.52070755e-01  8.54642520e-10
 2.96430304e-01  3.30811906e-02 -5.05088815e-01
 2.96430304e-01  3.30811906e-02  0.00000000e+00
TS 0  4.05100000e+00
 5.79510678e-01 -3.17737772e-02 -1.41362147e-01
 5.79510678e-01 -3.17737772e-02  0.00000000e+00
 3.34428235e-03  2.85139650e-01  1.13814911e+00
 6.52862842e-01  2.33355316e-01  1.52409295e-11
 5.89245176e-01 -2.82562087e-01  1.31694633e+00
-2.29641741e-01 -6.11821996e-02  8.88217247e-11
 2.38429705e-01  6.06794123e-02 -2.47773315e-01
 2.38429705e-01  6.06794123e-02  0.00000000e+00
TS 0  4.10100000e+00
 4.83931102e-01  1.26425918e-02 -2.32043596e-01
 4.83931102e-01  1.26425918e-02  0.00000000e+00
 4.55002550e-02  2.42035406e-01  6.75153355e-01
 5.98379202e-01  1.87485586e-01  3.12289496e-10
 4.57832351e-01 -2.64071126e-01  1.26143031e+00
-2.69808224e-01  5.38194977e-02 -2.23975905e-10
 1.62133628e-01  8.27805037e-02  3.73770949e-02
 1.62133628e-01  8.27805037e-02  0.00000000e+00
TS 0  4.15100000e+00
 3.68223964e-01  4.78904586e-02 -2.83135427e-01
 3.68223964e-01  4.78904586e-02  0.00000000e+00
 7.89295045e-02  1.71753137e-01  2.22257263e-01
 4.96743485e-01  1.31669080e-01  6.81074703e-10
 2.91765667e-01 -2.16687288e-01  1.03243906e+00
-2.88570761e-01  1.65937091e-01 -4.37268258e-10
 7.15588805e-02  9.27655825e-02  2.82355376e-01
 7.15588805e-02  9.27655825e-02  0.00000000e+00
TS 0  4.20100000e+00
 2.39879589e-01  6.72575877e-02 -2.76815665e-01
 2.39879589e-01  6.72575877e-02  0.00000000e+00
 9.57702509e-02  7.78530304e-02 -1.47152323e-01
 3.59570478e-01  7.68192854e-02 -2.41794612e-09
 1.09284807e-01 -1.43419154e-01  6.45738931e-01
-2.76172137e-01  2.49543504e-01  9.35331273e-10
-2.90389540e-02  8.78794663e-02  4.18192161e-01
-2.90389540e-02  8.78794663e-02  0.00000000e+00
TS 0  4.25100000e+00
 1.05617739e-01  6.90336924e-02 -2.20473106e-01
 1.05617739e-01  6.90336924e-02  0.00000000e+00
 8.81476226e-02 -3.66122091e-02 -3.86906133e-01
 2.02521802e-01  2.97484326e-02 -8.98765941e-10
-5.40476381e-02 -6.19194513e-02  1.59825294e-01
-2.35619844e-01  3.02770693e-01  4.28545131e-10
-1.34567014e-01  6.75380206e-02  4.44351444e-01
-1.34567014e-01  6.75380206e-02  0.00000000e+00
TS 0  4.30100000e+00
-2.69741196e-02  5.63465162e-02 -1.28278271e-01
-2.69741196e-02  5.63465162e-02  0.00000000e+00
 5.80757977e-02 -1.62299012e-01 -5.56528519e-01
 4.21547735e-02 -5.80171740e-03  1.49046117e-09
-1.86531402e-01  1.89808005e-02 -2.98859638e-01
-1.73685740e-01  3.27825738e-01 -8.02959945e-10
-2.39350957e-01  3.43787225e-02  3.00745738e-01
-2.39350957e-01  3.43787225e-02  0.00000000e+00
TS 0  4.35100000e+00
-1.50295242e-01  3.63755763e-02 -3.38860749e-02
-1.50295242e-01  3.63755763e-02  0.00000000e+00
 1.30960579e-02 -2.85997253e-01 -6.55067631e-01
-1.06303102e-01 -2.97986743e-02 -6.01154707e-10
-2.89267136e-01  9.49764810e-02 -7.03742730e-01
-9.81924224e-02  3.26710945e-01  4.47385199e-10
-3.38839281e-01 -5.58596505e-03  8.31347615e-02
-3.38839281e-01 -5.58596505e-03  0.00000000e+00
TS 0  4.40100000e+00
-2.56876155e-01  1.70287809e-02  4.22866830e-02
-2.56876155e-01  1.70287809e-02  0.00000000e+00
-3.88457324e-02 -3.95566906e-01 -7.00241190e-01
-2.33783515e-01 -4.65600956e-02 -4.01204217e-11
-3.61586970e-01  1.58758328e-01 -1.01860986e+00
-1.85963372e-02  3.06140450e-01  6.52688332e-11
-4.29582778e-01 -4.42547964e-02 -1.49965087e-01
-4.29582778e-01 -4.42547964e-02  0.00000000e+00
TS 0  4.45100000e+00
-3.39970659e-01  5.86062756e-03  8.21408517e-02
-3.39970659e-01  5.86062756e-03  0.00000000e+00
-8.97298052e-02 -4.83659851e-01 -7.06267812e-01
-3.32409773e-01 -6.00467569e-02 -4.08319415e-11
-4.08896021e-01  2.06333785e-01 -1.22426693e+00
 5.53974603e-02  2.74689656e-01  3.19859065e-11
-5.06564907e-01 -7.42118888e-02 -3.31987410e-01
-5.06564907e-01 -7.42118888e-02  0.00000000e+00
TS 0  4.50100000e+00
-3.94317713e-01  7.52520981e-03  7.78126671e-02
-3.94317713e-01  7.52520981e-03  0.00000000e+00
-1.30521279e-01 -5.44263845e-01 -6.93549089e-01
-3.99173088e-01 -7.42628165e-02 -1.75923972e-10
-4.39928790e-01  2.35593335e-01 -1.30914380e+00
 1.14634814e-01  2.42028406e-01  5.81689540e-10
-5.62967296e-01 -8.95497660e-02 -4.16410502e-01
-5.62967296e-01 -8.95497660e-02  0.00000000e+00
TS 0  4.55100000e+00
-4.16318444e-01  2.25209039e-02  3.31671802e-02
-4.16318444e-01  2.25209039e-02  0.00000000e+00
-1.53983981e-01 -5.74450216e-01 -6.79858363e-01
-4.35289796e-01 -9.13006814e-02 -3.66837496e-10
-4.63317230e-01  2.46086709e-01 -1.27519347e+00
 1.52864098e-01  2.15931521e-01  8.36266657e-10
-5.90973949e-01 -8.68385102e-02 -3.81592684e-01
-5.90973949e-01 -8.68385102e-02  0.00000000e+00
TS 0  4.60100000e+00
-4.04116872e-01  4.70648390e-02 -3.67493705e-02
-4.04116872e-01  4.70648390e-02  0.00000000e+00
-1.56327127e-01 -5.74284145e-01 -6.73953739e-01
-4.45351098e-01 -1.10682487e-01 -4.11838599e-10
-4.84520712e-01  2.38934900e-01 -1.13421202e+00
 1.67859882e-01  2.00795377e-01  4.60025665e-10
-5.83429584e-01 -6.63287961e-02 -2.33384833e-01
-5.83429584e-01 -6.63287961e-02  0.00000000e+00
TS 0  4.65100000e+00
-3.57667921e-01  7.41292624e-02 -1.08166279e-01
-3.57667921e-01  7.41292624e-02  0.00000000e+00
-1.37824558e-01 -5.45934337e-01 -6.74720604e-01
-4.35776682e-01 -1.29605750e-01 -2.04274630e-10
-5.03757665e-01  2.17019170e-01 -9.06096598e-01
 1.61430347e-01  1.96959036e-01  2.88438348e-11
-5.36371272e-01 -3.28169927e-02 -2.31281896e-03
-5.36371272e-01 -3.28169927e-02  0.00000000e+00
TS 0  4.70100000e+00
-2.78877098e-01  9.52497274e-02 -1.53063423e-01
-2.78877098e-01  9.52497274e-02  0.00000000e+00
-1.02504710e-01 -4.92269152e-01 -6.71420824e-01
-4.12637967e-01 -1.43757159e-01  4.08282659e-11
-5.14727993e-01  1.84683816e-01 -6.19826296e-01
 1.38392611e-01  2.00541498e-01 -8.68914011e-11
-4.51757033e-01  4.89758948e-03  2.58674040e-01
-4.51757033e-01  4.89758948e-03  0.00000000e+00
TS 0  4.75100000e+00
-1.72084854e-01  1.02764550e-01 -1.47631352e-01
-1.72084854e-01  1.02764550e-01  0.00000000e+00
-5.75473332e-02 -4.16384312e-01 -6.45169390e-01
-3.79197840e-01 -1.48205974e-01  4.91592168e-12
-5.05425443e-01  1.46919076e-01 -3.12537406e-01
 1.05161659e-01  2.03860359e-01 -3.97483614e-12
-3.38620835e-01  3.65976398e-02  4.79300896e-01
-3.38620835e-01  3.65976398e-02  0.00000000e+00
TS 0  4.80100000e+00
-4.49825740e-02  9.20194216e-02 -8.16714644e-02
-4.49825740e-02  9.20194216e-02  0.00000000e+00
-1.34119629e-02 -3.23922960e-01 -5.70110844e-01
-3.33926573e-01 -1.37975756e-01  4.66530548e-11
-4.62062306e-01  1.08239120e-01 -3.06101400e-02
 6.88212747e-02  1.97149288e-01 -2.28370483e-10
-2.11174349e-01  5.44824961e-02  5.93097338e-01
-2.11174349e-01  5.44824961e-02  0.00000000e+00
TS 0  4.85100000e+00
 9.20799584e-02  6.33798883e-02  3.29435303e-02
 9.20799584e-02  6.33798883e-02  0.00000000e+00
 1.90724629e-02 -2.21375727e-01 -4.19554795e-01
-2.70985916e-01 -1.10171062e-01 -2.49408784e-11
-3.73574830e-01  7.07743255e-02  1.87420222e-01
 3.53528263e-02  1.71729084e-01  4.46123292e-11
-8.45323520e-02  5.57497243e-02  5.60007161e-01
-8.45323520e-02  5.57497243e-02  0.00000000e+00
TS 0  4.90100000e+00
 2.27121691e-01  2.21173326e-02  1.59453270e-01
 2.27121691e-01  2.21173326e-02  0.00000000e+00
 3.31309302e-02 -1.15093356e-01 -1.66177186e-01
-1.83865027e-01 -6.55176485e-02 -2.17637540e-09
-2.38243710e-01  3.37841725e-02  3.30706015e-01
 7.36190046e-03  1.25315916e-01 -1.03855636e-09
 2.93073902e-02  4.30442270e-02  3.86514565e-01
 2.93073902e-02  4.30442270e-02  0.00000000e+00
TS 0  4.95100000e+00
 3.50241783e-01 -2.25506547e-02  2.69824792e-01
 3.50241783e-01 -2.25506547e-02  0.00000000e+00
 3.07817060e-02 -8.94100096e-03  1.51292496e-01
-7.35937826e-02 -1.14139571e-02 -5.24120192e-10
-6.31094003e-02 -7.15077258e-03  4.19235382e-01
-1.90906164e-02  6.81120649e-02  7.48039910e-10
 1.23184638e-01  2.20809916e-02  1.20126868e-01
 1.23184638e-01  2.20809916e-02  0.00000000e+00
TS 0  5.00000000e+00
 4.49563294e-01 -6.06230734e-02  3.20463369e-01
 4.49563294e-01 -6.06230734e-02  0.00000000e+00
 1.19307569e-02  8.02770704e-02  4.86408466e-01
 5.71282063e-02  4.79796744e-02 -2.87664540e-09
 1.23057678e-01 -5.07066690e-02  4.93397238e-01
-4.04576102e-02  3.05956065e-03  5.51934939e-09
 1.91683512e-01  2.26933396e-03 -1.53049482e-01
 1.91683512e-01  2.26933396e-03  0.00000000e+00
ENDDS
