DATASET
OBJTYPE "mesh2d"
BEGVEC
ND 4
NC 2
NAME "Old Depth-Averaged Velocity"
TIMEUNITS SECONDS
TS 0  0.00000000e+00
  0.00000000e+00   0.00000000e+00   0.00000000e+00
  0.00000000e+00   0.00000000e+00   0.00000000e+00
  0.00000000e+00   0.00000000e+00   0.00000000e+00
  0.00000000e+00   0.00000000e+00   0.00000000e+00
TS 0  5.00000000e-02
  2.01480840e-01  -1.44702271e-02   0.00000000e+00
  3.01969874e-01  -4.84675230e-03   0.00000000e+00
  2.91025647e-01   8.31200347e-03   0.00000000e+00
  1.79915311e-01   4.03271606e-02   0.00000000e+00
TS 0  1.00000000e-01
  3.78556280e-01  -4.78162083e-02   0.00000000e+00
  6.11297069e-01  -3.36776398e-02   0.00000000e+00
  5.64857741e-01   1.90693421e-02   0.00000000e+00
  2.79393640e-01   1.48013856e-01   0.00000000e+00
TS 0  1.50000000e-01
  5.11530261e-01  -8.39588818e-02   0.00000000e+00
  8.85623649e-01  -7.53632370e-02   0.00000000e+00
  7.66491623e-01   3.82872451e-02   0.00000000e+00
  3.12073069e-01   2.76700753e-01   0.00000000e+00
TS 0  2.00000000e-01
  5.94668555e-01  -1.17117092e-01   0.00000000e+00
  1.09733460e+00  -1.14756034e-01   0.00000000e+00
  8.86243790e-01   6.38789538e-02   0.00000000e+00
  3.01049602e-01   3.86094401e-01   0.00000000e+00
TS 0  2.50000000e-01
  6.28820090e-01  -1.47452298e-01   0.00000000e+00
  1.23300398e+00  -1.43076566e-01   0.00000000e+00
  9.34845804e-01   9.03618540e-02   0.00000000e+00
  2.66525570e-01   4.57236641e-01   0.00000000e+00
TS 0  3.00000000e-01
  6.19802978e-01  -1.76801006e-01   0.00000000e+00
  1.28421064e+00  -1.57189574e-01   0.00000000e+00
  9.27969668e-01   1.12017451e-01   0.00000000e+00
  2.21485473e-01   4.90131071e-01   0.00000000e+00
TS 0  3.50000000e-01
  5.76605024e-01  -2.06167257e-01   0.00000000e+00
  1.24345089e+00  -1.55547099e-01   0.00000000e+00
  8.79128374e-01   1.24296737e-01   0.00000000e+00
  1.73122179e-01   4.92421421e-01   0.00000000e+00
TS 0  4.00000000e-01
  5.08314482e-01  -2.34336410e-01   0.00000000e+00
  1.11016232e+00  -1.37353144e-01   0.00000000e+00
  7.95851571e-01   1.24645257e-01   0.00000000e+00
  1.25249277e-01   4.72070406e-01   0.00000000e+00
TS 0  4.50000000e-01
  4.20704322e-01  -2.57361469e-01   0.00000000e+00
  8.98583803e-01  -1.04990679e-01   0.00000000e+00
  6.77744974e-01   1.13505631e-01   0.00000000e+00
  7.89729452e-02   4.34260890e-01   0.00000000e+00
TS 0  5.00000000e-01
  3.13259215e-01  -2.69520855e-01   0.00000000e+00
  6.35792409e-01  -6.61643855e-02   0.00000000e+00
  5.20689107e-01   9.51284170e-02   0.00000000e+00
  3.22149146e-02   3.79296300e-01   0.00000000e+00
TS 0  5.50000000e-01
  1.78466819e-01  -2.65771981e-01   0.00000000e+00
  3.51214100e-01  -3.01929911e-02   0.00000000e+00
  3.27643435e-01   7.43819939e-02   0.00000000e+00
 -1.98186086e-02   3.01678774e-01   0.00000000e+00
TS 0  6.00000000e-01
  6.00972532e-03  -2.43989686e-01   0.00000000e+00
  6.93721864e-02  -2.59047891e-03   0.00000000e+00
  1.12886282e-01   5.22696929e-02   0.00000000e+00
 -8.30026288e-02   1.94164745e-01   0.00000000e+00
TS 0  6.50000000e-01
 -2.04947933e-01  -2.08458431e-01   0.00000000e+00
 -1.97311705e-01   1.29533913e-02   0.00000000e+00
 -1.05200362e-01   2.77796301e-02   0.00000000e+00
 -1.64359150e-01   5.97200578e-02   0.00000000e+00
TS 0  7.00000000e-01
 -4.31922864e-01  -1.64155851e-01   0.00000000e+00
 -4.34632547e-01   1.63914876e-02   0.00000000e+00
 -3.19435633e-01   5.79109538e-03   0.00000000e+00
 -2.61797622e-01  -8.81114087e-02   0.00000000e+00
TS 0  7.50000000e-01
 -6.30564056e-01  -1.16811346e-01   0.00000000e+00
 -6.33488539e-01   1.23103680e-02   0.00000000e+00
 -5.24985607e-01  -1.35083709e-02   0.00000000e+00
 -3.54650244e-01  -2.31353072e-01   0.00000000e+00
TS 0  8.00000000e-01
 -7.59654422e-01  -7.20426861e-02   0.00000000e+00
 -7.88835150e-01   7.35787625e-03   0.00000000e+00
 -7.16697238e-01  -2.97618759e-02   0.00000000e+00
 -4.17069621e-01  -3.50813356e-01   0.00000000e+00
TS 0  8.50000000e-01
 -8.03616742e-01  -3.36783068e-02   0.00000000e+00
 -8.98276012e-01   9.22543240e-03   0.00000000e+00
 -8.83783598e-01  -4.25115089e-02   0.00000000e+00
 -4.33236001e-01  -4.34941170e-01   0.00000000e+00
TS 0  9.00000000e-01
 -7.68964725e-01  -3.05332556e-03   0.00000000e+00
 -9.60440999e-01   2.41430188e-02   0.00000000e+00
 -1.00784789e+00  -5.09647442e-02   0.00000000e+00
 -4.00638992e-01  -4.80665906e-01   0.00000000e+00
TS 0  9.50000000e-01
 -6.70460193e-01   1.99294291e-02   0.00000000e+00
 -9.73704320e-01   5.36465313e-02   0.00000000e+00
 -1.06399282e+00  -5.36125078e-02   0.00000000e+00
 -3.24984163e-01  -4.88368306e-01   0.00000000e+00
TS 0  1.00000000e+00
 -5.23850484e-01   3.55700449e-02   0.00000000e+00
 -9.34596686e-01   9.28245504e-02   0.00000000e+00
 -1.02599103e+00  -4.86221563e-02   0.00000000e+00
 -2.16026969e-01  -4.58518811e-01   0.00000000e+00
TS 0  1.05100000e+00
 -3.40778547e-01   4.38632663e-02   0.00000000e+00
 -8.34215350e-01   1.30894238e-01   0.00000000e+00
 -8.73881524e-01  -3.44273420e-02   0.00000000e+00
 -8.37347274e-02  -3.89819584e-01   0.00000000e+00
TS 0  1.10100000e+00
 -1.44328633e-01   4.37895451e-02   0.00000000e+00
 -6.69119558e-01   1.50277434e-01   0.00000000e+00
 -6.24107541e-01  -1.23675867e-02   0.00000000e+00
  5.04049314e-02  -2.86788766e-01   0.00000000e+00
TS 0  1.15100000e+00
  5.30396297e-02   3.44117926e-02   0.00000000e+00
 -4.37101557e-01   1.37329353e-01   0.00000000e+00
 -3.17846890e-01   1.39190088e-02   0.00000000e+00
  1.70123013e-01  -1.54299704e-01   0.00000000e+00
TS 0  1.20100000e+00
  2.36591065e-01   1.45345075e-02   0.00000000e+00
 -1.53471404e-01   8.78945078e-02   0.00000000e+00
 -1.45255553e-02   3.80328661e-02   0.00000000e+00
  2.58343052e-01  -5.91468563e-03   0.00000000e+00
TS 0  1.25100000e+00
  3.93856908e-01  -1.62749011e-02   0.00000000e+00
  1.48686058e-01   1.51920905e-02   0.00000000e+00
  2.41350565e-01   5.19705796e-02   0.00000000e+00
  3.06563188e-01   1.35945888e-01   0.00000000e+00
TS 0  1.30100000e+00
  5.15060249e-01  -5.72491963e-02   0.00000000e+00
  4.30497555e-01  -6.47873401e-02   0.00000000e+00
  4.29715175e-01   5.62850207e-02   0.00000000e+00
  3.15583376e-01   2.51400935e-01   0.00000000e+00
TS 0  1.35100000e+00
  5.93362588e-01  -1.04335396e-01   0.00000000e+00
  6.65775562e-01  -1.33888326e-01   0.00000000e+00
  5.53024882e-01   5.39112192e-02   0.00000000e+00
  2.93487720e-01   3.31420264e-01   0.00000000e+00
TS 0  1.40100000e+00
  6.26288043e-01  -1.49931195e-01   0.00000000e+00
  8.42010125e-01  -1.81014244e-01   0.00000000e+00
  6.20329418e-01   5.19364858e-02   0.00000000e+00
  2.50460393e-01   3.80016340e-01   0.00000000e+00
TS 0  1.45100000e+00
  6.17452717e-01  -1.85893201e-01   0.00000000e+00
  9.56950497e-01  -2.03685307e-01   0.00000000e+00
  6.42862964e-01   5.49939157e-02   0.00000000e+00
  1.96818901e-01   4.04948409e-01   0.00000000e+00
TS 0  1.50100000e+00
  5.77097009e-01  -2.07471893e-01   0.00000000e+00
  1.00756351e+00  -2.00855038e-01   0.00000000e+00
  6.30544489e-01   6.49030402e-02   0.00000000e+00
  1.41544901e-01   4.13210015e-01   0.00000000e+00
TS 0  1.55100000e+00
  5.17220757e-01  -2.14433360e-01   0.00000000e+00
  9.89532567e-01  -1.73130150e-01   0.00000000e+00
  5.90414539e-01   8.01968985e-02   0.00000000e+00
  9.16211121e-02   4.08990858e-01   0.00000000e+00
TS 0  1.60100000e+00
  4.46325601e-01  -2.09420815e-01   0.00000000e+00
  9.03181313e-01  -1.24680113e-01   0.00000000e+00
  5.25475358e-01   9.71086526e-02   0.00000000e+00
  5.07072801e-02   3.93670414e-01   0.00000000e+00
TS 0  1.65100000e+00
  3.67031520e-01  -1.95624004e-01   0.00000000e+00
  7.58635720e-01  -6.42625493e-02   0.00000000e+00
  4.34816864e-01   1.10935634e-01   0.00000000e+00
  1.87234307e-02   3.65542802e-01   0.00000000e+00
TS 0  1.70100000e+00
  2.76520001e-01  -1.76054453e-01   0.00000000e+00
  5.73967602e-01  -4.37146275e-03   0.00000000e+00
  3.16497148e-01   1.17960734e-01   0.00000000e+00
 -8.15811988e-03   3.20471421e-01   0.00000000e+00
TS 0  1.75100000e+00
  1.68822179e-01  -1.54097207e-01   0.00000000e+00
  3.67929288e-01   4.27027148e-02   0.00000000e+00
  1.73606316e-01   1.14855062e-01   0.00000000e+00
 -3.61000182e-02   2.52766444e-01   0.00000000e+00
TS 0  1.80100000e+00
  3.88298921e-02  -1.34078531e-01   0.00000000e+00
  1.56134887e-01   6.98298412e-02   0.00000000e+00
  1.55007044e-02   9.86242227e-02   0.00000000e+00
 -7.20505154e-02   1.59508227e-01   0.00000000e+00
TS 0  1.85100000e+00
 -1.11606592e-01  -1.21704441e-01   0.00000000e+00
 -5.25100605e-02   7.23864859e-02   0.00000000e+00
 -1.48574252e-01   6.99975115e-02   0.00000000e+00
 -1.22562667e-01   4.58201672e-02   0.00000000e+00
TS 0  1.90100000e+00
 -2.69230216e-01  -1.18128841e-01   0.00000000e+00
 -2.46776947e-01   5.58183618e-02   0.00000000e+00
 -3.09382433e-01   3.11448730e-02   0.00000000e+00
 -1.86055988e-01  -7.81528427e-02   0.00000000e+00
TS 0  1.95100000e+00
 -4.07141182e-01  -1.19371407e-01   0.00000000e+00
 -4.16670537e-01   3.00854320e-02   0.00000000e+00
 -4.62536989e-01  -1.22992328e-02   0.00000000e+00
 -2.51305021e-01  -1.98730055e-01   0.00000000e+00
TS 0  2.00100000e+00
 -4.99671349e-01  -1.18645216e-01   0.00000000e+00
 -5.54801367e-01   6.04475689e-03   0.00000000e+00
 -6.03559575e-01  -5.34010776e-02   0.00000000e+00
 -3.03044815e-01  -3.01557982e-01   0.00000000e+00
TS 0  2.05100000e+00
 -5.35409565e-01  -1.10466602e-01   0.00000000e+00
 -6.55659510e-01  -6.11256990e-03   0.00000000e+00
 -7.24183800e-01  -8.55124492e-02   0.00000000e+00
 -3.28233255e-01  -3.74739365e-01   0.00000000e+00
TS 0  2.10100000e+00
 -5.17293712e-01  -9.26601010e-02   0.00000000e+00
 -7.14959087e-01   1.18796607e-04   0.00000000e+00
 -8.11625636e-01  -1.02664940e-01   0.00000000e+00
 -3.19774209e-01  -4.10904516e-01   0.00000000e+00
TS 0  2.15100000e+00
 -4.54721041e-01  -6.60525352e-02   0.00000000e+00
 -7.29202712e-01   2.52654247e-02   0.00000000e+00
 -8.49978988e-01  -1.00186299e-01   0.00000000e+00
 -2.76678680e-01  -4.07727148e-01   0.00000000e+00
TS 0  2.20100000e+00
 -3.57897360e-01  -3.38355598e-02   0.00000000e+00
 -6.95584482e-01   6.33608291e-02   0.00000000e+00
 -8.23598584e-01  -7.65442928e-02   0.00000000e+00
 -2.03099842e-01  -3.67510655e-01   0.00000000e+00
TS 0  2.25100000e+00
 -2.36282352e-01  -1.17954959e-03   0.00000000e+00
 -6.12243926e-01   1.03174570e-01   0.00000000e+00
 -7.23514352e-01  -3.56587654e-02   0.00000000e+00
 -1.07631472e-01  -2.96607022e-01   0.00000000e+00
TS 0  2.30100000e+00
 -9.90102757e-02   2.52012520e-02   0.00000000e+00
 -4.79189212e-01   1.30855354e-01   0.00000000e+00
 -5.55506364e-01   1.22701164e-02   0.00000000e+00
 -2.82395571e-03  -2.04401570e-01   0.00000000e+00
TS 0  2.35100000e+00
  4.44162086e-02   3.80230902e-02   0.00000000e+00
 -3.00790888e-01   1.33976322e-01   0.00000000e+00
 -3.43598773e-01   5.36024163e-02   0.00000000e+00
  9.61150378e-02  -1.01782682e-01   0.00000000e+00
TS 0  2.40100000e+00
  1.83922533e-01   3.12969478e-02   0.00000000e+00
 -8.91909440e-02   1.06386148e-01   0.00000000e+00
 -1.22681567e-01   7.73224011e-02   0.00000000e+00
  1.74556490e-01   2.03440264e-04   0.00000000e+00
TS 0  2.45100000e+00
  3.09244271e-01   2.69759713e-03   0.00000000e+00
  1.35649248e-01   5.25281007e-02   0.00000000e+00
  7.67166167e-02   7.91364443e-02   0.00000000e+00
  2.22889002e-01   9.13094220e-02   0.00000000e+00
TS 0  2.50100000e+00
  4.10792726e-01  -4.48729553e-02   0.00000000e+00
  3.50951354e-01  -1.57311325e-02   0.00000000e+00
  2.37142151e-01   6.33858922e-02   0.00000000e+00
  2.38564975e-01   1.64858675e-01   0.00000000e+00
TS 0  2.55100000e+00
  4.81208293e-01  -1.02963775e-01   0.00000000e+00
  5.35983354e-01  -8.31396786e-02   0.00000000e+00
  3.54284407e-01   3.84434052e-02   0.00000000e+00
  2.25299808e-01   2.19627647e-01   0.00000000e+00
TS 0  2.60100000e+00
  5.17043999e-01  -1.59031364e-01   0.00000000e+00
  6.77861159e-01  -1.35739604e-01   0.00000000e+00
  4.28361919e-01   1.70043103e-02   0.00000000e+00
  1.90373170e-01   2.60177894e-01   0.00000000e+00
TS 0  2.65100000e+00
  5.20174664e-01  -2.00702837e-01   0.00000000e+00
  7.72011333e-01  -1.65055866e-01   0.00000000e+00
  4.64252434e-01   6.42803290e-03   0.00000000e+00
  1.44020305e-01   2.90029653e-01   0.00000000e+00
TS 0  2.70100000e+00
  4.97371655e-01  -2.21246747e-01   0.00000000e+00
  8.16561401e-01  -1.67301142e-01   0.00000000e+00
  4.67412045e-01   1.04115432e-02   0.00000000e+00
  9.59541051e-02   3.11564098e-01   0.00000000e+00
TS 0  2.75100000e+00
  4.56911319e-01  -2.20672890e-01   0.00000000e+00
  8.10595502e-01  -1.43324481e-01   0.00000000e+00
  4.42389193e-01   2.80776931e-02   0.00000000e+00
  5.36851753e-02   3.24604197e-01   0.00000000e+00
TS 0  2.80100000e+00
  4.04791552e-01  -2.03800061e-01   0.00000000e+00
  7.55535104e-01  -9.88008180e-02   0.00000000e+00
  3.92035677e-01   5.45265861e-02   0.00000000e+00
  2.09445219e-02   3.26745125e-01   0.00000000e+00
TS 0  2.85100000e+00
  3.42989955e-01  -1.77200344e-01   0.00000000e+00
  6.57534764e-01  -4.34147280e-02   0.00000000e+00
  3.17892587e-01   8.22080454e-02   0.00000000e+00
 -2.56059524e-03   3.13912486e-01   0.00000000e+00
TS 0  2.90100000e+00
  2.70003145e-01  -1.47429362e-01   0.00000000e+00
  5.27003756e-01   1.10705745e-02   0.00000000e+00
  2.21839147e-01   1.03087532e-01   0.00000000e+00
 -2.05530123e-02   2.81538644e-01   0.00000000e+00
TS 0  2.95100000e+00
  1.82844032e-01  -1.20682632e-01   0.00000000e+00
  3.75153341e-01   5.35343578e-02   0.00000000e+00
  1.08133108e-01   1.10629570e-01   0.00000000e+00
 -3.89695942e-02   2.26376167e-01   0.00000000e+00
TS 0  3.00100000e+00
  7.98395790e-02  -1.02464569e-01   0.00000000e+00
  2.12389344e-01   7.66952718e-02   0.00000000e+00
 -1.69381809e-02   1.01499022e-01   0.00000000e+00
 -6.41654250e-02   1.48639955e-01   0.00000000e+00
TS 0  3.05100000e+00
 -3.59731190e-02  -9.71467321e-02   0.00000000e+00
  4.64031744e-02   7.73242268e-02   0.00000000e+00
 -1.47376490e-01   7.61780535e-02   0.00000000e+00
 -1.00747878e-01   5.33556601e-02   0.00000000e+00
TS 0  3.10100000e+00
 -1.55389123e-01  -1.04331905e-01   0.00000000e+00
 -1.13664537e-01   6.02409804e-02   0.00000000e+00
 -2.75597759e-01   3.71921919e-02   0.00000000e+00
 -1.47718180e-01  -5.09519388e-02   0.00000000e+00
TS 0  3.15100000e+00
 -2.61044435e-01  -1.18153400e-01   0.00000000e+00
 -2.58776761e-01   3.46236619e-02   0.00000000e+00
 -3.97288436e-01  -8.57466491e-03   0.00000000e+00
 -1.97909494e-01  -1.52896535e-01   0.00000000e+00
TS 0  3.20100000e+00
 -3.36102192e-01  -1.29543281e-01   0.00000000e+00
 -3.80971408e-01   1.04824772e-02   0.00000000e+00
 -5.08585399e-01  -5.25057295e-02   0.00000000e+00
 -2.41154209e-01  -2.40568058e-01   0.00000000e+00
TS 0  3.25100000e+00
 -3.71669475e-01  -1.30794530e-01   0.00000000e+00
 -4.73463377e-01  -2.83414668e-03   0.00000000e+00
 -6.03184534e-01  -8.65632574e-02   0.00000000e+00
 -2.67250482e-01  -3.03685863e-01   0.00000000e+00
TS 0  3.30100000e+00
 -3.67874406e-01  -1.18482086e-01   0.00000000e+00
 -5.30995901e-01   3.92947818e-04   0.00000000e+00
 -6.71919886e-01  -1.04040856e-01   0.00000000e+00
 -2.68799073e-01  -3.35355833e-01   0.00000000e+00
TS 0  3.35100000e+00
 -3.29880365e-01  -9.35061168e-02   0.00000000e+00
 -5.49815378e-01   2.05687110e-02   0.00000000e+00
 -7.03852082e-01  -1.00543308e-01   0.00000000e+00
 -2.42684750e-01  -3.33241320e-01   0.00000000e+00
TS 0  3.40100000e+00
 -2.64239695e-01  -5.99674968e-02   0.00000000e+00
 -5.27762554e-01   5.26089439e-02   0.00000000e+00
 -6.88599748e-01  -7.56828024e-02   0.00000000e+00
 -1.90519492e-01  -2.99803296e-01   0.00000000e+00
TS 0  3.45100000e+00
 -1.77451703e-01  -2.41377002e-02   0.00000000e+00
 -4.64417457e-01   8.72446619e-02   0.00000000e+00
 -6.20307882e-01  -3.46999133e-02   0.00000000e+00
 -1.18406276e-01  -2.41700551e-01   0.00000000e+00
TS 0  3.50100000e+00
 -7.59779344e-02   6.41431646e-03   0.00000000e+00
 -3.61453723e-01   1.13324560e-01   0.00000000e+00
 -5.02282665e-01   1.16532290e-02   0.00000000e+00
 -3.61668153e-02  -1.68309826e-01   0.00000000e+00
TS 0  3.55100000e+00
  3.33058616e-02   2.39554779e-02   0.00000000e+00
 -2.23699355e-01   1.20824122e-01   0.00000000e+00
 -3.48979310e-01   5.03349936e-02   0.00000000e+00
  4.41504696e-02  -8.95540087e-02   0.00000000e+00
TS 0  3.60100000e+00
  1.42806277e-01   2.23352186e-02   0.00000000e+00
 -6.08625834e-02   1.04018072e-01   0.00000000e+00
 -1.82310096e-01   7.14206241e-02   0.00000000e+00
  1.10753557e-01  -1.38829439e-02   0.00000000e+00
TS 0  3.65100000e+00
  2.44376020e-01  -8.52257322e-04   0.00000000e+00
  1.13054062e-01   6.43783560e-02   0.00000000e+00
 -2.37184770e-02   7.16708791e-02   0.00000000e+00
  1.55113841e-01   5.27538150e-02   0.00000000e+00
TS 0  3.70100000e+00
  3.29967520e-01  -4.27416966e-02   0.00000000e+00
  2.81796553e-01   9.97453767e-03   0.00000000e+00
  1.12090114e-01   5.49412410e-02   0.00000000e+00
  1.73766021e-01   1.07569854e-01   0.00000000e+00
TS 0  3.75100000e+00
  3.93190772e-01  -9.50416183e-02   0.00000000e+00
  4.31784948e-01  -4.67113746e-02   0.00000000e+00
  2.18498462e-01   2.86931862e-02   0.00000000e+00
  1.68573346e-01   1.50720533e-01   0.00000000e+00
TS 0  3.80100000e+00
  4.30461516e-01  -1.46338914e-01   0.00000000e+00
  5.50636020e-01  -9.39367611e-02   0.00000000e+00
  2.92188094e-01   5.02173630e-03   0.00000000e+00
  1.44106937e-01   1.86254625e-01   0.00000000e+00
TS 0  3.85100000e+00
  4.42132574e-01  -1.85054529e-01   0.00000000e+00
  6.33192170e-01  -1.22814168e-01   0.00000000e+00
  3.34063909e-01  -8.29282823e-03   0.00000000e+00
  1.08521408e-01   2.16107309e-01   0.00000000e+00
TS 0  3.90100000e+00
  4.32101193e-01  -2.04608741e-01   0.00000000e+00
  6.77162371e-01  -1.28719785e-01   0.00000000e+00
  3.46933002e-01  -7.33545422e-03   0.00000000e+00
  7.01452795e-02   2.40717085e-01   0.00000000e+00
TS 0  3.95100000e+00
  4.05661430e-01  -2.04439686e-01   0.00000000e+00
  6.81932318e-01  -1.11885630e-01   0.00000000e+00
  3.33846799e-01   7.67005378e-03   0.00000000e+00
  3.55789967e-02   2.58610760e-01   0.00000000e+00
TS 0  4.00100000e+00
  3.67068793e-01  -1.88636049e-01   0.00000000e+00
  6.48635454e-01  -7.71431417e-02   0.00000000e+00
  2.97382660e-01   3.25290500e-02   0.00000000e+00
  8.31537461e-03   2.66657132e-01   0.00000000e+00
TS 0  4.05100000e+00
  3.18243438e-01  -1.63509626e-01   0.00000000e+00
  5.81165588e-01  -3.26957052e-02   0.00000000e+00
  2.39780988e-01   6.01546217e-02   0.00000000e+00
 -1.15619165e-02   2.60758977e-01   0.00000000e+00
TS 0  4.10100000e+00
  2.58967425e-01  -1.35778914e-01   0.00000000e+00
  4.86065351e-01   1.18159168e-02   0.00000000e+00
  1.63813697e-01   8.24405393e-02   0.00000000e+00
 -2.68318572e-02   2.37005100e-01   0.00000000e+00
TS 0  4.15100000e+00
  1.88178561e-01  -1.11730641e-01   0.00000000e+00
  3.70686982e-01   4.73300537e-02   0.00000000e+00
  7.34870550e-02   9.27039630e-02   0.00000000e+00
 -4.21394003e-02   1.93336460e-01   0.00000000e+00
TS 0  4.20100000e+00
  1.05882923e-01  -9.64929460e-02   0.00000000e+00
  2.42518413e-01   6.70124029e-02   0.00000000e+00
 -2.69928818e-02   8.81641349e-02   0.00000000e+00
 -6.26067532e-02   1.30966381e-01   0.00000000e+00
TS 0  4.25100000e+00
  1.50349357e-02  -9.30602962e-02   0.00000000e+00
  1.08315588e-01   6.91695058e-02   0.00000000e+00
 -1.32435932e-01   6.80758537e-02   0.00000000e+00
 -9.10146745e-02   5.36045730e-02   0.00000000e+00
TS 0  4.30100000e+00
 -7.78332694e-02  -1.00794687e-01   0.00000000e+00
 -2.43867215e-02   5.66968531e-02   0.00000000e+00
 -2.37298072e-01   3.51359525e-02   0.00000000e+00
 -1.27161388e-01  -3.16104108e-02   0.00000000e+00
TS 0  4.35100000e+00
 -1.61453560e-01  -1.14575018e-01   0.00000000e+00
 -1.47969090e-01   3.67962795e-02   0.00000000e+00
 -3.36921342e-01  -4.77308604e-03   0.00000000e+00
 -1.66310321e-01  -1.15551344e-01   0.00000000e+00
TS 0  4.40100000e+00
 -2.24446262e-01  -1.26589784e-01   0.00000000e+00
 -2.54954430e-01   1.73569529e-02   0.00000000e+00
 -4.27883020e-01  -4.35438029e-02   0.00000000e+00
 -2.01488914e-01  -1.88561100e-01   0.00000000e+00
TS 0  4.45100000e+00
 -2.59693174e-01  -1.29828132e-01   0.00000000e+00
 -3.38575632e-01   5.96747316e-03   0.00000000e+00
 -5.05201717e-01  -7.37397429e-02   0.00000000e+00
 -2.24953340e-01  -2.42310106e-01   0.00000000e+00
TS 0  4.50100000e+00
 -2.65593442e-01  -1.20753567e-01   0.00000000e+00
 -3.93538608e-01   7.35550564e-03   0.00000000e+00
 -5.62091178e-01  -8.94136869e-02   0.00000000e+00
 -2.30321415e-01  -2.71089939e-01   0.00000000e+00
TS 0  4.55100000e+00
 -2.44392478e-01  -9.98107571e-02   0.00000000e+00
 -4.16210362e-01   2.21084681e-02   0.00000000e+00
 -5.90741699e-01  -8.70752319e-02   0.00000000e+00
 -2.14170961e-01  -2.72804815e-01   0.00000000e+00
TS 0  4.60100000e+00
 -2.00085843e-01  -7.05934825e-02   0.00000000e+00
 -4.04699458e-01   4.65220716e-02   0.00000000e+00
 -5.83962664e-01  -6.68900119e-02   0.00000000e+00
 -1.76876928e-01  -2.49302194e-01   0.00000000e+00
TS 0  4.65100000e+00
 -1.37245769e-01  -3.87684315e-02   0.00000000e+00
 -3.58923646e-01   7.36177944e-02   0.00000000e+00
 -5.37698838e-01  -3.35624593e-02   0.00000000e+00
 -1.22644140e-01  -2.05888950e-01   0.00000000e+00
TS 0  4.70100000e+00
 -6.07511832e-02  -1.10657107e-02   0.00000000e+00
 -2.80747147e-01   9.49386404e-02   0.00000000e+00
 -4.53769713e-01   4.16960376e-03   0.00000000e+00
 -5.88277911e-02  -1.50052293e-01   0.00000000e+00
TS 0  4.75100000e+00
  2.40603910e-02   5.83906033e-03   0.00000000e+00
 -1.74450259e-01   1.02784881e-01   0.00000000e+00
 -3.41076077e-01   3.60804696e-02   0.00000000e+00
  5.37064985e-03  -8.96323365e-02   0.00000000e+00
TS 0  4.80100000e+00
  1.11221770e-01   6.76199851e-03   0.00000000e+00
 -4.76602762e-02   9.24205297e-02   0.00000000e+00
 -2.13762262e-01   5.42872661e-02   0.00000000e+00
  6.07636380e-02  -3.10973391e-02   0.00000000e+00
TS 0  4.85100000e+00
  1.94272174e-01  -1.03368560e-02   0.00000000e+00
  8.93177804e-02   6.41001620e-02   0.00000000e+00
 -8.69719411e-02   5.58779190e-02   0.00000000e+00
  1.00284542e-01   2.13319394e-02   0.00000000e+00
TS 0  4.90100000e+00
  2.66740557e-01  -4.32309474e-02   0.00000000e+00
  2.24509572e-01   2.30165348e-02   0.00000000e+00
  2.72136033e-02   4.33951289e-02   0.00000000e+00
  1.20359904e-01   6.59534962e-02   0.00000000e+00
TS 0  4.95100000e+00
  3.23265170e-01  -8.53097098e-02   0.00000000e+00
  3.47970326e-01  -2.16884109e-02   0.00000000e+00
  1.21532399e-01   2.25259649e-02   0.00000000e+00
  1.21519924e-01   1.02922419e-01   0.00000000e+00
TS 0  5.00000000e+00
  3.59919067e-01  -1.26851458e-01   0.00000000e+00
  4.47787136e-01  -5.99513437e-02   0.00000000e+00
  1.90534594e-01   2.61152880e-03   0.00000000e+00
  1.07057546e-01   1.34199838e-01   0.00000000e+00
ENDDS
