DATASET
OBJTYPE "mesh2d"
BEGSCL
ND 4
NC 2
NAME "Depth"
TIMEUNITS SECONDS
TS 0  0.00000000e+00
  1.00000000e+00
  5.00000000e-01
  5.00000000e-01
  1.00000000e+00
             nan
             nan
             nan
             nan
TS 0  5.00000000e-02
  9.78070279e-01
  5.46073399e-01
  5.14317983e-01
  1.02097990e+00
             nan
             nan
             nan
             nan
TS 0  1.00000000e-01
  9.81935187e-01
  5.94591708e-01
  5.49801857e-01
  1.05065914e+00
             nan
             nan
             nan
             nan
TS 0  1.50000000e-01
  1.00239583e+00
  6.55398737e-01
  6.14230756e-01
  1.07166226e+00
             nan
             nan
             nan
             nan
TS 0  2.00000000e-01
  1.02183556e+00
  7.45439136e-01
  7.08706598e-01
  1.07471215e+00
             nan
             nan
             nan
             nan
TS 0  2.50000000e-01
  1.02833477e+00
  8.72371621e-01
  8.26673235e-01
  1.05890310e+00
             nan
             nan
             nan
             nan
TS 0  3.00000000e-01
  1.02106833e+00
  1.02641271e+00
  9.57580796e-01
  1.02833270e+00
             nan
             nan
             nan
             nan
TS 0  3.50000000e-01
  1.00718134e+00
  1.18332344e+00
  1.09086294e+00
  9.89241536e-01
             nan
             nan
             nan
             nan
TS 0  4.00000000e-01
  9.95406746e-01
  1.31481290e+00
  1.21708072e+00
  9.49560855e-01
             nan
             nan
             nan
             nan
TS 0  4.50000000e-01
  9.91053210e-01
  1.39999681e+00
  1.32685545e+00
  9.19034396e-01
             nan
             nan
             nan
             nan
TS 0  5.00000000e-01
  9.94600252e-01
  1.43314116e+00
  1.41015703e+00
  9.06856233e-01
             nan
             nan
             nan
             nan
TS 0  5.50000000e-01
  1.00345216e+00
  1.42260716e+00
  1.45819652e+00
  9.17276721e-01
             nan
             nan
             nan
             nan
TS 0  6.00000000e-01
  1.01438748e+00
  1.38468193e+00
  1.46570127e+00
  9.47143119e-01
             nan
             nan
             nan
             nan
TS 0  6.50000000e-01
  1.02427564e+00
  1.33158487e+00
  1.43604887e+00
  9.86964186e-01
             nan
             nan
             nan
             nan
TS 0  7.00000000e-01
  1.03005746e+00
  1.26709567e+00
  1.38069658e+00
  1.02313760e+00
             nan
             nan
             nan
             nan
TS 0  7.50000000e-01
  1.02916805e+00
  1.19939559e+00
  1.30818912e+00
  1.04369909e+00
             nan
             nan
             nan
             nan
TS 0  8.00000000e-01
  1.02061898e+00
  1.13401292e+00
  1.22621199e+00
  1.04199610e+00
             nan
             nan
             nan
             nan
TS 0  8.50000000e-01
  1.00516815e+00
  1.07393761e+00
  1.14010310e+00
  1.01948269e+00
             nan
             nan
             nan
             nan
TS 0  9.00000000e-01
  9.84516007e-01
  1.01934354e+00
  1.05327795e+00
  9.83792436e-01
             nan
             nan
             nan
             nan
TS 0  9.50000000e-01
  9.60593317e-01
  9.68538057e-01
  9.67778902e-01
  9.45489998e-01
             nan
             nan
             nan
             nan
TS 0  1.00000000e+00
  9.35865275e-01
  9.18862752e-01
  8.84787922e-01
  9.15597564e-01
             nan
             nan
             nan
             nan
TS 0  1.05100000e+00
  9.13626868e-01
  8.66265841e-01
  8.04016724e-01
  9.03868915e-01
             nan
             nan
             nan
             nan
TS 0  1.10100000e+00
  9.00014657e-01
  8.10243460e-01
  7.31366258e-01
  9.17378809e-01
             nan
             nan
             nan
             nan
TS 0  1.15100000e+00
  9.00269980e-01
  7.49613640e-01
  6.70235030e-01
  9.56192637e-01
             nan
             nan
             nan
             nan
TS 0  1.20100000e+00
  9.17926816e-01
  6.89550649e-01
  6.27271200e-01
  1.01240443e+00
             nan
             nan
             nan
             nan
TS 0  1.25100000e+00
  9.51010584e-01
  6.42772956e-01
  6.08655928e-01
  1.07058432e+00
             nan
             nan
             nan
             nan
TS 0  1.30100000e+00
  9.90970737e-01
  6.24653320e-01
  6.19508812e-01
  1.11511763e+00
             nan
             nan
             nan
             nan
TS 0  1.35100000e+00
  1.02796372e+00
  6.45472834e-01
  6.61413577e-01
  1.13512552e+00
             nan
             nan
             nan
             nan
TS 0  1.40100000e+00
  1.05402536e+00
  7.10538385e-01
  7.30247861e-01
  1.12861769e+00
             nan
             nan
             nan
             nan
TS 0  1.45100000e+00
  1.06521308e+00
  8.23068937e-01
  8.16048362e-01
  1.09955907e+00
             nan
             nan
             nan
             nan
TS 0  1.50100000e+00
  1.06401679e+00
  9.67188526e-01
  9.10786319e-01
  1.05513692e+00
             nan
             nan
             nan
             nan
TS 0  1.55100000e+00
  1.05580378e+00
  1.11604543e+00
  1.00855616e+00
  1.00481273e+00
             nan
             nan
             nan
             nan
TS 0  1.60100000e+00
  1.04543958e+00
  1.24158585e+00
  1.10495282e+00
  9.58938716e-01
             nan
             nan
             nan
             nan
TS 0  1.65100000e+00
  1.03523573e+00
  1.32439395e+00
  1.19503234e+00
  9.27253741e-01
             nan
             nan
             nan
             nan
TS 0  1.70100000e+00
  1.02516154e+00
  1.35872664e+00
  1.27216273e+00
  9.16602949e-01
             nan
             nan
             nan
             nan
TS 0  1.75100000e+00
  1.01476602e+00
  1.35208547e+00
  1.32823462e+00
  9.28259310e-01
             nan
             nan
             nan
             nan
TS 0  1.80100000e+00
  1.00469500e+00
  1.31801714e+00
  1.35646761e+00
  9.57121286e-01
             nan
             nan
             nan
             nan
TS 0  1.85100000e+00
  9.96282834e-01
  1.27000806e+00
  1.35357460e+00
  9.94489161e-01
             nan
             nan
             nan
             nan
TS 0  1.90100000e+00
  9.91037233e-01
  1.21483010e+00
  1.32438473e+00
  1.02623690e+00
             nan
             nan
             nan
             nan
TS 0  1.95100000e+00
  9.88352941e-01
  1.15854380e+00
  1.27452413e+00
  1.04287059e+00
             nan
             nan
             nan
             nan
TS 0  2.00100000e+00
  9.87156857e-01
  1.10515914e+00
  1.21008995e+00
  1.03981636e+00
             nan
             nan
             nan
             nan
TS 0  2.05100000e+00
  9.86065621e-01
  1.05690942e+00
  1.13656324e+00
  1.01889459e+00
             nan
             nan
             nan
             nan
TS 0  2.10100000e+00
  9.83726803e-01
  1.01367729e+00
  1.05877931e+00
  9.86888247e-01
             nan
             nan
             nan
             nan
TS 0  2.15100000e+00
  9.79006149e-01
  9.73585440e-01
  9.80906185e-01
  9.53065091e-01
             nan
             nan
             nan
             nan
TS 0  2.20100000e+00
  9.71372372e-01
  9.34263825e-01
  9.06375314e-01
  9.27009790e-01
             nan
             nan
             nan
             nan
TS 0  2.25100000e+00
  9.61369688e-01
  8.93735041e-01
  8.38179973e-01
  9.17001665e-01
             nan
             nan
             nan
             nan
TS 0  2.30100000e+00
  9.51007501e-01
  8.50912611e-01
  7.79458672e-01
  9.28317302e-01
             nan
             nan
             nan
             nan
TS 0  2.35100000e+00
  9.43743076e-01
  8.06210465e-01
  7.33946758e-01
  9.61036531e-01
             nan
             nan
             nan
             nan
TS 0  2.40100000e+00
  9.43557983e-01
  7.62775544e-01
  7.05480854e-01
  1.00847765e+00
             nan
             nan
             nan
             nan
TS 0  2.45100000e+00
  9.53082608e-01
  7.27864419e-01
  6.96600511e-01
  1.05825420e+00
             nan
             nan
             nan
             nan
TS 0  2.50100000e+00
  9.71476707e-01
  7.12218016e-01
  7.08104045e-01
  1.09690397e+00
             nan
             nan
             nan
             nan
TS 0  2.55100000e+00
  9.95247227e-01
  7.25402184e-01
  7.39016948e-01
  1.11461818e+00
             nan
             nan
             nan
             nan
TS 0  2.60100000e+00
  1.01921698e+00
  7.69211189e-01
  7.88373344e-01
  1.10856294e+00
             nan
             nan
             nan
             nan
TS 0  2.65100000e+00
  1.03828847e+00
  8.47611838e-01
  8.49794154e-01
  1.08203967e+00
             nan
             nan
             nan
             nan
TS 0  2.70100000e+00
  1.04999219e+00
  9.51871169e-01
  9.18500614e-01
  1.04230666e+00
             nan
             nan
             nan
             nan
TS 0  2.75100000e+00
  1.05433399e+00
  1.06429956e+00
  9.90819075e-01
  9.98820102e-01
             nan
             nan
             nan
             nan
TS 0  2.80100000e+00
  1.05249410e+00
  1.16450121e+00
  1.06378898e+00
  9.61155578e-01
             nan
             nan
             nan
             nan
TS 0  2.85100000e+00
  1.04559428e+00
  1.23654530e+00
  1.13402278e+00
  9.37093124e-01
             nan
             nan
             nan
             nan
TS 0  2.90100000e+00
  1.03445993e+00
  1.27344202e+00
  1.19689696e+00
  9.30958991e-01
             nan
             nan
             nan
             nan
TS 0  2.95100000e+00
  1.02032294e+00
  1.27757600e+00
  1.24657035e+00
  9.42530966e-01
             nan
             nan
             nan
             nan
TS 0  3.00100000e+00
  1.00545496e+00
  1.25690441e+00
  1.27739939e+00
  9.67015346e-01
             nan
             nan
             nan
             nan
TS 0  3.05100000e+00
  9.92512122e-01
  1.22199538e+00
  1.28470608e+00
  9.97405209e-01
             nan
             nan
             nan
             nan
TS 0  3.10100000e+00
  9.84016105e-01
  1.17995498e+00
  1.26977347e+00
  1.02254633e+00
             nan
             nan
             nan
             nan
TS 0  3.15100000e+00
  9.80363536e-01
  1.13585184e+00
  1.23576962e+00
  1.03521828e+00
             nan
             nan
             nan
             nan
TS 0  3.20100000e+00
  9.80805119e-01
  1.09320784e+00
  1.18683552e+00
  1.03227906e+00
             nan
             nan
             nan
             nan
TS 0  3.25100000e+00
  9.83720188e-01
  1.05388182e+00
  1.12750770e+00
  1.01521782e+00
             nan
             nan
             nan
             nan
TS 0  3.30100000e+00
  9.86954089e-01
  1.01815924e+00
  1.06239676e+00
  9.89351445e-01
             nan
             nan
             nan
             nan
TS 0  3.35100000e+00
  9.88367230e-01
  9.84796239e-01
  9.95974543e-01
  9.62106455e-01
             nan
             nan
             nan
             nan
TS 0  3.40100000e+00
  9.86394781e-01
  9.52053137e-01
  9.32208254e-01
  9.41237711e-01
             nan
             nan
             nan
             nan
TS 0  3.45100000e+00
  9.80582292e-01
  9.18492664e-01
  8.74493369e-01
  9.33311046e-01
             nan
             nan
             nan
             nan
TS 0  3.50100000e+00
  9.71984079e-01
  8.83470373e-01
  8.25823863e-01
  9.42247186e-01
             nan
             nan
             nan
             nan
TS 0  3.55100000e+00
  9.63222934e-01
  8.47556563e-01
  7.88997401e-01
  9.67802610e-01
             nan
             nan
             nan
             nan
TS 0  3.60100000e+00
  9.57886794e-01
  8.13208544e-01
  7.66423512e-01
  1.00475610e+00
             nan
             nan
             nan
             nan
TS 0  3.65100000e+00
  9.59236771e-01
  7.85473388e-01
  7.59331256e-01
  1.04391265e+00
             nan
             nan
             nan
             nan
TS 0  3.70100000e+00
  9.68496505e-01
  7.72013723e-01
  7.67570151e-01
  1.07500445e+00
             nan
             nan
             nan
             nan
TS 0  3.75100000e+00
  9.84561250e-01
  7.80536154e-01
  7.89430884e-01
  1.09021633e+00
             nan
             nan
             nan
             nan
TS 0  3.80100000e+00
  1.00412959e+00
  8.11422944e-01
  8.25253974e-01
  1.08664530e+00
             nan
             nan
             nan
             nan
TS 0  3.85100000e+00
  1.02293408e+00
  8.67704858e-01
  8.70794029e-01
  1.06647629e+00
             nan
             nan
             nan
             nan
TS 0  3.90100000e+00
  1.03751648e+00
  9.44399255e-01
  9.22791952e-01
  1.03540387e+00
             nan
             nan
             nan
             nan
TS 0  3.95100000e+00
  1.04600371e+00
  1.02978441e+00
  9.78751264e-01
  1.00109608e+00
             nan
             nan
             nan
             nan
TS 0  4.00100000e+00
  1.04793200e+00
  1.10941653e+00
  1.03642245e+00
  9.71322379e-01
             nan
             nan
             nan
             nan
TS 0  4.05100000e+00
  1.04368853e+00
  1.17093269e+00
  1.09312190e+00
  9.52223258e-01
             nan
             nan
             nan
             nan
TS 0  4.10100000e+00
  1.03422007e+00
  1.20756018e+00
  1.14525240e+00
  9.46996732e-01
             nan
             nan
             nan
             nan
TS 0  4.15100000e+00
  1.02114854e+00
  1.21886956e+00
  1.18844710e+00
  9.55281636e-01
             nan
             nan
             nan
             nan
TS 0  4.20100000e+00
  1.00688450e+00
  1.20895739e+00
  1.21831976e+00
  9.73437170e-01
             nan
             nan
             nan
             nan
TS 0  4.25100000e+00
  9.94140141e-01
  1.18565019e+00
  1.23027731e+00
  9.96043371e-01
             nan
             nan
             nan
             nan
TS 0  4.30100000e+00
  9.85370733e-01
  1.15483292e+00
  1.22395432e+00
  1.01507786e+00
             nan
             nan
             nan
             nan
TS 0  4.35100000e+00
  9.81362114e-01
  1.12088676e+00
  1.20108021e+00
  1.02487396e+00
             nan
             nan
             nan
             nan
TS 0  4.40100000e+00
  9.81682416e-01
  1.08678338e+00
  1.16444327e+00
  1.02312102e+00
             nan
             nan
             nan
             nan
TS 0  4.45100000e+00
  9.84969747e-01
  1.05416046e+00
  1.11760442e+00
  1.01074859e+00
             nan
             nan
             nan
             nan
TS 0  4.50100000e+00
  9.89153345e-01
  1.02371963e+00
  1.06448417e+00
  9.91565422e-01
             nan
             nan
             nan
             nan
TS 0  4.55100000e+00
  9.92072168e-01
  9.94898293e-01
  1.00916078e+00
  9.71111719e-01
             nan
             nan
             nan
             nan
TS 0  4.60100000e+00
  9.92043596e-01
  9.66594980e-01
  9.55421550e-01
  9.55311069e-01
             nan
             nan
             nan
             nan
TS 0  4.65100000e+00
  9.88369628e-01
  9.37839813e-01
  9.06536734e-01
  9.49168076e-01
             nan
             nan
             nan
             nan
TS 0  4.70100000e+00
  9.81670922e-01
  9.08276322e-01
  8.65226992e-01
  9.55588538e-01
             nan
             nan
             nan
             nan
TS 0  4.75100000e+00
  9.73910379e-01
  8.78531646e-01
  8.33733406e-01
  9.74357963e-01
             nan
             nan
             nan
             nan
TS 0  4.80100000e+00
  9.67931435e-01
  8.50618577e-01
  8.13780486e-01
  1.00172542e+00
             nan
             nan
             nan
             nan
TS 0  4.85100000e+00
  9.66570487e-01
  8.28267674e-01
  8.06123788e-01
  1.03118649e+00
             nan
             nan
             nan
             nan
TS 0  4.90100000e+00
  9.71430775e-01
  8.16857030e-01
  8.10534408e-01
  1.05534191e+00
             nan
             nan
             nan
             nan
TS 0  4.95100000e+00
  9.82373804e-01
  8.22055107e-01
  8.25601283e-01
  1.06823939e+00
             nan
             nan
             nan
             nan
TS 0  5.00000000e+00
  9.97091586e-01
  8.43710139e-01
  8.50977781e-01
  1.06733013e+00
             nan
             nan
             nan
             nan
ENDDS
