DATASET
OBJTYPE "mesh2d"
BEGSCL
ND 4
NC 2
NAME "Depth"
TIMEUNITS SECONDS
TS 0  0.00000000e+00
  1.50000000e+00
  1.00000000e+00
  1.00000000e+00
  1.50000000e+00
TS 0  5.00000000e-02
  1.49092849e+00
  9.78070279e-01
  1.02097990e+00
  1.44628311e+00
TS 0  1.00000000e-01
  1.42876845e+00
  9.81935187e-01
  1.05065914e+00
  1.35048470e+00
TS 0  1.50000000e-01
  1.32389626e+00
  1.00239583e+00
  1.07166226e+00
  1.24617294e+00
TS 0  2.00000000e-01
  1.19846663e+00
  1.02183556e+00
  1.07471215e+00
  1.15057130e+00
TS 0  2.50000000e-01
  1.07292230e+00
  1.02833477e+00
  1.05890310e+00
  1.06672372e+00
TS 0  3.00000000e-01
  9.58744831e-01
  1.02106833e+00
  1.02833270e+00
  9.92732950e-01
TS 0  3.50000000e-01
  8.59530415e-01
  1.00718134e+00
  9.89241536e-01
  9.26621234e-01
TS 0  4.00000000e-01
  7.74979169e-01
  9.95406746e-01
  9.49560855e-01
  8.66164516e-01
TS 0  4.50000000e-01
  7.03692753e-01
  9.91053210e-01
  9.19034396e-01
  8.08643962e-01
TS 0  5.00000000e-01
  6.44499759e-01
  9.94600252e-01
  9.06856233e-01
  7.53175799e-01
TS 0  5.50000000e-01
  5.97823034e-01
  1.00345216e+00
  9.17276721e-01
  7.03167076e-01
TS 0  6.00000000e-01
  5.66316500e-01
  1.01438748e+00
  9.47143119e-01
  6.66690739e-01
TS 0  6.50000000e-01
  5.56824799e-01
  1.02427564e+00
  9.86964186e-01
  6.48948325e-01
TS 0  7.00000000e-01
  5.77303009e-01
  1.03005746e+00
  1.02313760e+00
  6.57319980e-01
TS 0  7.50000000e-01
  6.33079530e-01
  1.02916805e+00
  1.04369909e+00
  6.99465690e-01
TS 0  8.00000000e-01
  7.24675374e-01
  1.02061898e+00
  1.04199610e+00
  7.76367100e-01
TS 0  8.50000000e-01
  8.45748014e-01
  1.00516815e+00
  1.01948269e+00
  8.80407671e-01
TS 0  9.00000000e-01
  9.85320692e-01
  9.84516007e-01
  9.83792436e-01
  9.98533853e-01
TS 0  9.50000000e-01
  1.13067916e+00
  9.60593317e-01
  9.45489998e-01
  1.11629587e+00
TS 0  1.00000000e+00
  1.26846975e+00
  9.35865275e-01
  9.15597564e-01
  1.22023338e+00
TS 0  1.05100000e+00
  1.38657366e+00
  9.13626868e-01
  9.03868915e-01
  1.30006604e+00
TS 0  1.10100000e+00
  1.46537124e+00
  9.00014657e-01
  9.17378809e-01
  1.34410115e+00
TS 0  1.15100000e+00
  1.49450880e+00
  9.00269980e-01
  9.56192637e-01
  1.35151086e+00
TS 0  1.20100000e+00
  1.46855826e+00
  9.17926816e-01
  1.01240443e+00
  1.32779671e+00
TS 0  1.25100000e+00
  1.39518576e+00
  9.51010584e-01
  1.07058432e+00
  1.28475897e+00
TS 0  1.30100000e+00
  1.29392820e+00
  9.90970737e-01
  1.11511763e+00
  1.23020754e+00
TS 0  1.35100000e+00
  1.18673779e+00
  1.02796372e+00
  1.13512552e+00
  1.16895671e+00
TS 0  1.40100000e+00
  1.08888780e+00
  1.05402536e+00
  1.12861769e+00
  1.10326112e+00
TS 0  1.45100000e+00
  1.00653341e+00
  1.06521308e+00
  1.09955907e+00
  1.03745108e+00
TS 0  1.50100000e+00
  9.38740718e-01
  1.06401679e+00
  1.05513692e+00
  9.76296286e-01
TS 0  1.55100000e+00
  8.81276344e-01
  1.05580378e+00
  1.00481273e+00
  9.22440013e-01
TS 0  1.60100000e+00
  8.29801245e-01
  1.04543958e+00
  9.58938716e-01
  8.75771139e-01
TS 0  1.65100000e+00
  7.81538542e-01
  1.03523573e+00
  9.27253741e-01
  8.34995878e-01
TS 0  1.70100000e+00
  7.36008281e-01
  1.02516154e+00
  9.16602949e-01
  7.99637849e-01
TS 0  1.75100000e+00
  6.95124676e-01
  1.01476602e+00
  9.28259310e-01
  7.72119937e-01
TS 0  1.80100000e+00
  6.63426212e-01
  1.00469500e+00
  9.57121286e-01
  7.56746371e-01
TS 0  1.85100000e+00
  6.47792145e-01
  9.96282834e-01
  9.94489161e-01
  7.54942471e-01
TS 0  1.90100000e+00
  6.56907772e-01
  9.91037233e-01
  1.02623690e+00
  7.70762476e-01
TS 0  1.95100000e+00
  6.97174885e-01
  9.88352941e-01
  1.04287059e+00
  8.04387578e-01
TS 0  2.00100000e+00
  7.69766849e-01
  9.87156857e-01
  1.03981636e+00
  8.54207632e-01
TS 0  2.05100000e+00
  8.69495877e-01
  9.86065621e-01
  1.01889459e+00
  9.16091721e-01
TS 0  2.10100000e+00
  9.86104761e-01
  9.83726803e-01
  9.86888247e-01
  9.84709417e-01
TS 0  2.15100000e+00
  1.10673890e+00
  9.79006149e-01
  9.53065091e-01
  1.05491067e+00
TS 0  2.20100000e+00
  1.21787017e+00
  9.71372372e-01
  9.27009790e-01
  1.12209873e+00
TS 0  2.25100000e+00
  1.30658555e+00
  9.61369688e-01
  9.17001665e-01
  1.18161986e+00
TS 0  2.30100000e+00
  1.36201870e+00
  9.51007501e-01
  9.28317302e-01
  1.22815823e+00
TS 0  2.35100000e+00
  1.37762284e+00
  9.43743076e-01
  9.61036531e-01
  1.25631152e+00
TS 0  2.40100000e+00
  1.35378480e+00
  9.43557983e-01
  1.00847765e+00
  1.26258624e+00
TS 0  2.45100000e+00
  1.29878505e+00
  9.53082608e-01
  1.05825420e+00
  1.24735402e+00
TS 0  2.50100000e+00
  1.22657589e+00
  9.71476707e-01
  1.09690397e+00
  1.21328009e+00
TS 0  2.55100000e+00
  1.15106144e+00
  9.95247227e-01
  1.11461818e+00
  1.16484480e+00
TS 0  2.60100000e+00
  1.08220236e+00
  1.01921698e+00
  1.10856294e+00
  1.10629766e+00
TS 0  2.65100000e+00
  1.02348522e+00
  1.03828847e+00
  1.08203967e+00
  1.04484501e+00
TS 0  2.70100000e+00
  9.73851182e-01
  1.04999219e+00
  1.04230666e+00
  9.86528692e-01
TS 0  2.75100000e+00
  9.29635319e-01
  1.05433399e+00
  9.98820102e-01
  9.35329364e-01
TS 0  2.80100000e+00
  8.87126003e-01
  1.05249410e+00
  9.61155578e-01
  8.92719802e-01
TS 0  2.85100000e+00
  8.44326471e-01
  1.04559428e+00
  9.37093124e-01
  8.58693989e-01
TS 0  2.90100000e+00
  8.01698878e-01
  1.03445993e+00
  9.30958991e-01
  8.33109526e-01
TS 0  2.95100000e+00
  7.62133408e-01
  1.02032294e+00
  9.42530966e-01
  8.16454758e-01
TS 0  3.00100000e+00
  7.30465229e-01
  1.00545496e+00
  9.67015346e-01
  8.09955425e-01
TS 0  3.05100000e+00
  7.12702228e-01
  9.92512122e-01
  9.97405209e-01
  8.13436010e-01
TS 0  3.10100000e+00
  7.16070972e-01
  9.84016105e-01
  1.02254633e+00
  8.28668837e-01
TS 0  3.15100000e+00
  7.45875559e-01
  9.80363536e-01
  1.03521828e+00
  8.54112354e-01
TS 0  3.20100000e+00
  8.02895593e-01
  9.80805119e-01
  1.03227906e+00
  8.88077383e-01
TS 0  3.25100000e+00
  8.82791051e-01
  9.83720188e-01
  1.01521782e+00
  9.28706645e-01
TS 0  3.30100000e+00
  9.76988998e-01
  9.86954089e-01
  9.89351445e-01
  9.74152654e-01
TS 0  3.35100000e+00
  1.07458076e+00
  9.88367230e-01
  9.62106455e-01
  1.02267211e+00
TS 0  3.40100000e+00
  1.16414019e+00
  9.86394781e-01
  9.41237711e-01
  1.07235249e+00
TS 0  3.45100000e+00
  1.23519259e+00
  9.80582292e-01
  9.33311046e-01
  1.12045540e+00
TS 0  3.50100000e+00
  1.27966194e+00
  9.71984079e-01
  9.42247186e-01
  1.16286424e+00
TS 0  3.55100000e+00
  1.29351109e+00
  9.63222934e-01
  9.67802610e-01
  1.19434983e+00
TS 0  3.60100000e+00
  1.27801322e+00
  9.57886794e-01
  1.00475610e+00
  1.20998931e+00
TS 0  3.65100000e+00
  1.23963588e+00
  9.59236771e-01
  1.04391265e+00
  1.20714406e+00
TS 0  3.70100000e+00
  1.18812277e+00
  9.68496505e-01
  1.07500445e+00
  1.18609758e+00
TS 0  3.75100000e+00
  1.13313495e+00
  9.84561250e-01
  1.09021633e+00
  1.14999944e+00
TS 0  3.80100000e+00
  1.08172316e+00
  1.00412959e+00
  1.08664530e+00
  1.10229811e+00
TS 0  3.85100000e+00
  1.03628725e+00
  1.02293408e+00
  1.06647629e+00
  1.04990148e+00
TS 0  3.90100000e+00
  9.96228077e-01
  1.03751648e+00
  1.03540387e+00
  9.98799631e-01
TS 0  3.95100000e+00
  9.59113427e-01
  1.04600371e+00
  1.00109608e+00
  9.53186860e-01
TS 0  4.00100000e+00
  9.22366372e-01
  1.04793200e+00
  9.71322379e-01
  9.15242696e-01
TS 0  4.05100000e+00
  8.84690854e-01
  1.04368853e+00
  9.52223258e-01
  8.85706442e-01
TS 0  4.10100000e+00
  8.46782662e-01
  1.03422007e+00
  9.46996732e-01
  8.64719302e-01
TS 0  4.15100000e+00
  8.11399576e-01
  1.02114854e+00
  9.55281636e-01
  8.52146569e-01
TS 0  4.20100000e+00
  7.82838895e-01
  1.00688450e+00
  9.73437170e-01
  8.47760269e-01
TS 0  4.25100000e+00
  7.65929753e-01
  9.94140141e-01
  9.96043371e-01
  8.51385158e-01
TS 0  4.30100000e+00
  7.66285741e-01
  9.85370733e-01
  1.01507786e+00
  8.63341181e-01
TS 0  4.35100000e+00
  7.88066227e-01
  9.81362114e-01
  1.02487396e+00
  8.82112148e-01
TS 0  4.40100000e+00
  8.31808285e-01
  9.81682416e-01
  1.02312102e+00
  9.06303201e-01
TS 0  4.45100000e+00
  8.94164561e-01
  9.84969747e-01
  1.01074859e+00
  9.35146580e-01
TS 0  4.50100000e+00
  9.68515535e-01
  9.89153345e-01
  9.91565422e-01
  9.68124663e-01
TS 0  4.55100000e+00
  1.04628820e+00
  9.92072168e-01
  9.71111719e-01
  1.00465207e+00
TS 0  4.60100000e+00
  1.11841301e+00
  9.92043596e-01
  9.55311069e-01
  1.04367190e+00
TS 0  4.65100000e+00
  1.17664780e+00
  9.88369628e-01
  9.49168076e-01
  1.08317800e+00
TS 0  4.70100000e+00
  1.21480573e+00
  9.81670922e-01
  9.55588538e-01
  1.11987986e+00
TS 0  4.75100000e+00
  1.22989185e+00
  9.73910379e-01
  9.74357963e-01
  1.14941281e+00
TS 0  4.80100000e+00
  1.22276887e+00
  9.67931435e-01
  1.00172542e+00
  1.16731216e+00
TS 0  4.85100000e+00
  1.19785834e+00
  9.66570487e-01
  1.03118649e+00
  1.17049715e+00
TS 0  4.90100000e+00
  1.16180110e+00
  9.71430775e-01
  1.05534191e+00
  1.15815392e+00
TS 0  4.95100000e+00
  1.12134546e+00
  9.82373804e-01
  1.06823939e+00
  1.13221184e+00
TS 0  5.00000000e+00
  1.08247173e+00
  9.97091586e-01
  1.06733013e+00
  1.09612568e+00
ENDDS
