DATASET
OBJTYPE "mesh2d"
BEGSCL
ND 4
NC 2
NAME "Error"
TIMEUNITS SECONDS
TS 0  0.00000000e+00
  0.00000000e+00
  0.00000000e+00
  0.00000000e+00
  0.00000000e+00
TS 0  5.00000000e-02
  6.32515835e-03
  4.32229063e-03
  6.32515835e-03
  8.32802606e-03
TS 0  1.00000000e-01
  9.33687223e-03
  8.16108297e-03
  9.33687223e-03
  1.05126615e-02
TS 0  1.50000000e-01
  1.02396790e-02
  1.04012915e-02
  1.02396790e-02
  1.00780664e-02
TS 0  2.00000000e-01
  9.45529925e-03
  1.03176968e-02
  9.45529925e-03
  8.59290170e-03
TS 0  2.50000000e-01
  7.90570378e-03
  8.89847878e-03
  7.90570378e-03
  6.91292878e-03
TS 0  3.00000000e-01
  6.40897122e-03
  7.37311396e-03
  6.40897122e-03
  5.44482848e-03
TS 0  3.50000000e-01
  5.43567448e-03
  6.45569960e-03
  5.43567448e-03
  4.41564935e-03
TS 0  4.00000000e-01
  5.09099524e-03
  6.17367494e-03
  5.09099524e-03
  4.00831554e-03
TS 0  4.50000000e-01
  5.29728323e-03
  6.10046053e-03
  5.29728323e-03
  4.49410594e-03
TS 0  5.00000000e-01
  5.87179868e-03
  5.98789330e-03
  5.87179868e-03
  5.75570405e-03
TS 0  5.50000000e-01
  6.31060554e-03
  5.72533569e-03
  6.31060554e-03
  6.89587540e-03
TS 0  6.00000000e-01
  5.94514677e-03
  5.09523116e-03
  5.94514677e-03
  6.79506238e-03
TS 0  6.50000000e-01
  4.69477761e-03
  3.89111826e-03
  4.69477761e-03
  5.49843696e-03
TS 0  7.00000000e-01
  3.92725881e-03
  3.57898724e-03
  3.92725881e-03
  4.27553037e-03
TS 0  7.50000000e-01
  6.64474777e-03
  6.31317603e-03
  6.64474777e-03
  6.97631952e-03
TS 0  8.00000000e-01
  1.06696031e-02
  1.01363864e-02
  1.06696031e-02
  1.12028198e-02
TS 0  8.50000000e-01
  1.36316917e-02
  1.31930216e-02
  1.36316917e-02
  1.40703619e-02
TS 0  9.00000000e-01
  1.45549830e-02
  1.45751174e-02
  1.45549830e-02
  1.45348487e-02
TS 0  9.50000000e-01
  1.32465012e-02
  1.39328621e-02
  1.32465012e-02
  1.25601404e-02
TS 0  1.00000000e+00
  1.00440042e-02
  1.12948477e-02
  1.00440042e-02
  8.79316075e-03
TS 0  1.05100000e+00
  5.74476560e-03
  6.93031065e-03
  5.74476560e-03
  4.55922055e-03
TS 0  1.10100000e+00
  3.44157047e-03
  2.52994851e-03
  3.44157047e-03
  4.35319243e-03
TS 0  1.15100000e+00
  6.65850184e-03
  5.42368438e-03
  6.65850184e-03
  7.89331931e-03
TS 0  1.20100000e+00
  1.02505524e-02
  9.86718249e-03
  1.02505524e-02
  1.06339223e-02
TS 0  1.25100000e+00
  1.18800428e-02
  1.22469940e-02
  1.18800428e-02
  1.15130916e-02
TS 0  1.30100000e+00
  1.13561851e-02
  1.22201155e-02
  1.13561851e-02
  1.04922547e-02
TS 0  1.35100000e+00
  9.27924695e-03
  1.03773255e-02
  9.27924695e-03
  8.18116836e-03
TS 0  1.40100000e+00
  6.70451888e-03
  7.90414466e-03
  6.70451888e-03
  5.50489309e-03
TS 0  1.45100000e+00
  4.44796555e-03
  5.79550016e-03
  4.44796555e-03
  3.10043094e-03
TS 0  1.50100000e+00
  3.05794448e-03
  4.64409316e-03
  3.05794448e-03
  1.47179581e-03
TS 0  1.55100000e+00
  2.59318170e-03
  4.19609318e-03
  2.59318170e-03
  9.90270211e-04
TS 0  1.60100000e+00
  2.67589526e-03
  3.86879723e-03
  2.67589526e-03
  1.48299330e-03
TS 0  1.65100000e+00
  3.14144307e-03
  3.60541475e-03
  3.14144307e-03
  2.67747139e-03
TS 0  1.70100000e+00
  4.04325838e-03
  3.86051682e-03
  4.04325838e-03
  4.22599994e-03
TS 0  1.75100000e+00
  4.92212762e-03
  4.45481053e-03
  4.92212762e-03
  5.38944471e-03
TS 0  1.80100000e+00
  5.03834987e-03
  4.57352722e-03
  5.03834987e-03
  5.50317252e-03
TS 0  1.85100000e+00
  4.03570794e-03
  3.73969708e-03
  4.03570794e-03
  4.33171881e-03
TS 0  1.90100000e+00
  2.95208147e-03
  2.88102925e-03
  2.95208147e-03
  3.02313370e-03
TS 0  1.95100000e+00
  4.98444555e-03
  4.94598781e-03
  4.98444555e-03
  5.02290330e-03
TS 0  2.00100000e+00
  8.26796187e-03
  8.20856225e-03
  8.26796187e-03
  8.32736150e-03
TS 0  2.05100000e+00
  1.07515996e-02
  1.07812947e-02
  1.07515996e-02
  1.07219045e-02
TS 0  2.10100000e+00
  1.16171015e-02
  1.18297870e-02
  1.16171015e-02
  1.14044160e-02
TS 0  2.15100000e+00
  1.06506005e-02
  1.10817191e-02
  1.06506005e-02
  1.02194818e-02
TS 0  2.20100000e+00
  8.06491235e-03
  8.68974673e-03
  8.06491235e-03
  7.44007796e-03
TS 0  2.25100000e+00
  4.44564576e-03
  5.21670560e-03
  4.44564576e-03
  3.67458593e-03
TS 0  2.30100000e+00
  2.21901075e-03
  2.62019761e-03
  2.21901075e-03
  1.81782389e-03
TS 0  2.35100000e+00
  5.03592249e-03
  4.83631957e-03
  5.03592249e-03
  5.23552542e-03
TS 0  2.40100000e+00
  7.77303137e-03
  7.60142100e-03
  7.77303137e-03
  7.94464174e-03
TS 0  2.45100000e+00
  8.93081120e-03
  8.92546709e-03
  8.93081120e-03
  8.93615532e-03
TS 0  2.50100000e+00
  8.45871678e-03
  8.69785232e-03
  8.45871678e-03
  8.21958124e-03
TS 0  2.55100000e+00
  6.91657195e-03
  7.45236837e-03
  6.91657195e-03
  6.38077553e-03
TS 0  2.60100000e+00
  5.15151542e-03
  6.08098080e-03
  5.15151542e-03
  4.22205004e-03
TS 0  2.65100000e+00
  3.72004594e-03
  5.08953798e-03
  3.72004594e-03
  2.35055391e-03
TS 0  2.70100000e+00
  2.82713414e-03
  4.50734475e-03
  2.82713414e-03
  1.14692353e-03
TS 0  2.75100000e+00
  2.33020224e-03
  3.96392252e-03
  2.33020224e-03
  6.96481963e-04
TS 0  2.80100000e+00
  2.29799544e-03
  3.31807538e-03
  2.29799544e-03
  1.27791550e-03
TS 0  2.85100000e+00
  2.75516229e-03
  2.98009252e-03
  2.75516229e-03
  2.53023207e-03
TS 0  2.90100000e+00
  3.62162268e-03
  3.38646940e-03
  3.62162268e-03
  3.85677595e-03
TS 0  2.95100000e+00
  4.35470191e-03
  3.99975452e-03
  4.35470191e-03
  4.70964929e-03
TS 0  3.00100000e+00
  4.36685858e-03
  4.04698668e-03
  4.36685858e-03
  4.68673048e-03
TS 0  3.05100000e+00
  3.44521014e-03
  3.26415036e-03
  3.44521014e-03
  3.62626991e-03
TS 0  3.10100000e+00
  2.32076224e-03
  2.31569853e-03
  2.32076224e-03
  2.32582595e-03
TS 0  3.15100000e+00
  3.82648018e-03
  3.90345738e-03
  3.82648018e-03
  3.74950297e-03
TS 0  3.20100000e+00
  6.46669175e-03
  6.54015251e-03
  6.46669175e-03
  6.39323099e-03
TS 0  3.25100000e+00
  8.50790292e-03
  8.61823941e-03
  8.50790292e-03
  8.39756642e-03
TS 0  3.30100000e+00
  9.28653980e-03
  9.47143617e-03
  9.28653980e-03
  9.10164344e-03
TS 0  3.35100000e+00
  8.60748912e-03
  8.88731811e-03
  8.60748912e-03
  8.32766013e-03
TS 0  3.40100000e+00
  6.63134859e-03
  7.01553331e-03
  6.63134859e-03
  6.24716387e-03
TS 0  3.45100000e+00
  3.84358758e-03
  4.36757415e-03
  3.84358758e-03
  3.31960102e-03
TS 0  3.50100000e+00
  1.86224153e-03
  2.44837765e-03
  1.86224153e-03
  1.27610541e-03
TS 0  3.55100000e+00
  3.71296848e-03
  3.75766030e-03
  3.71296848e-03
  3.66827666e-03
TS 0  3.60100000e+00
  5.72391817e-03
  5.63959520e-03
  5.72391817e-03
  5.80824114e-03
TS 0  3.65100000e+00
  6.62862834e-03
  6.54447440e-03
  6.62862834e-03
  6.71278229e-03
TS 0  3.70100000e+00
  6.35683355e-03
  6.37689092e-03
  6.35683355e-03
  6.33677617e-03
TS 0  3.75100000e+00
  5.35136259e-03
  5.59739410e-03
  5.35136259e-03
  5.10533108e-03
TS 0  3.80100000e+00
  4.21928183e-03
  4.82409066e-03
  4.21928183e-03
  3.61447300e-03
TS 0  3.85100000e+00
  3.31464648e-03
  4.35074098e-03
  3.31464648e-03
  2.27855198e-03
TS 0  3.90100000e+00
  2.66890040e-03
  4.00228772e-03
  2.66890040e-03
  1.33551309e-03
TS 0  3.95100000e+00
  2.16142173e-03
  3.51123267e-03
  2.16142173e-03
  8.11610798e-04
TS 0  4.00100000e+00
  2.03320520e-03
  2.89665202e-03
  2.03320520e-03
  1.16975838e-03
TS 0  4.05100000e+00
  2.39178906e-03
  2.57943671e-03
  2.39178906e-03
  2.20414140e-03
TS 0  4.10100000e+00
  3.06420557e-03
  2.87515753e-03
  3.06420557e-03
  3.25325362e-03
TS 0  4.15100000e+00
  3.59214103e-03
  3.30546225e-03
  3.59214103e-03
  3.87881980e-03
TS 0  4.20100000e+00
  3.53064413e-03
  3.26094024e-03
  3.53064413e-03
  3.80034802e-03
TS 0  4.25100000e+00
  2.80433414e-03
  2.64610397e-03
  2.80433414e-03
  2.96256431e-03
TS 0  4.30100000e+00
  1.84771430e-03
  1.83891709e-03
  1.84771430e-03
  1.85651152e-03
TS 0  4.35100000e+00
  2.90768160e-03
  3.01458582e-03
  2.90768160e-03
  2.80077737e-03
TS 0  4.40100000e+00
  4.94671186e-03
  5.05349038e-03
  4.94671186e-03
  4.83993335e-03
TS 0  4.45100000e+00
  6.57914672e-03
  6.69663460e-03
  6.57914672e-03
  6.46165883e-03
TS 0  4.50100000e+00
  7.28019210e-03
  7.42910778e-03
  7.28019210e-03
  7.13127642e-03
TS 0  4.55100000e+00
  6.87367503e-03
  7.07154053e-03
  6.87367503e-03
  6.67580952e-03
TS 0  4.60100000e+00
  5.46207115e-03
  5.72683634e-03
  5.46207115e-03
  5.19730596e-03
TS 0  4.65100000e+00
  3.40682384e-03
  3.77876190e-03
  3.40682384e-03
  3.03488578e-03
TS 0  4.70100000e+00
  1.66750838e-03
  2.18959617e-03
  1.66750838e-03
  1.14542059e-03
TS 0  4.75100000e+00
  2.55403991e-03
  2.69442767e-03
  2.55403991e-03
  2.41365215e-03
TS 0  4.80100000e+00
  4.02380861e-03
  3.98623658e-03
  4.02380861e-03
  4.06138064e-03
TS 0  4.85100000e+00
  4.80105381e-03
  4.70712485e-03
  4.80105381e-03
  4.89498276e-03
TS 0  4.90100000e+00
  4.76845834e-03
  4.70569414e-03
  4.76845834e-03
  4.83122255e-03
TS 0  4.95100000e+00
  4.19239948e-03
  4.28918141e-03
  4.19239948e-03
  4.09561756e-03
TS 0  5.00000000e+00
  3.50679411e-03
  3.86558974e-03
  3.50679411e-03
  3.14799849e-03
ENDDS
