DATASET
OBJTYPE "mesh2d"
BEGSCL
ND 4
NC 2
NAME "Hydro Error"
TIMEUNITS SECONDS
TS 0  0.00000000e+00
  0.00000000e+00
  0.00000000e+00
  0.00000000e+00
  0.00000000e+00
TS 0  5.00000000e-02
  6.32515835e-01
  4.32229063e-01
  6.32515835e-01
  8.32802606e-01
TS 0  1.00000000e-01
  9.33687223e-01
  8.16108297e-01
  9.33687223e-01
  1.05126615e+00
TS 0  1.50000000e-01
  1.02396790e+00
  1.04012915e+00
  1.02396790e+00
  1.00780664e+00
TS 0  2.00000000e-01
  9.45529925e-01
  1.03176968e+00
  9.45529925e-01
  8.59290170e-01
TS 0  2.50000000e-01
  7.90570378e-01
  8.89847878e-01
  7.90570378e-01
  6.91292878e-01
TS 0  3.00000000e-01
  6.40897122e-01
  7.37311396e-01
  6.40897122e-01
  5.44482848e-01
TS 0  3.50000000e-01
  5.43567448e-01
  6.45569960e-01
  5.43567448e-01
  4.41564935e-01
TS 0  4.00000000e-01
  5.09099524e-01
  6.17367494e-01
  5.09099524e-01
  4.00831554e-01
TS 0  4.50000000e-01
  5.29728323e-01
  6.10046053e-01
  5.29728323e-01
  4.49410594e-01
TS 0  5.00000000e-01
  5.87179868e-01
  5.98789330e-01
  5.87179868e-01
  5.75570405e-01
TS 0  5.50000000e-01
  6.31060554e-01
  5.72533569e-01
  6.31060554e-01
  6.89587540e-01
TS 0  6.00000000e-01
  5.94514677e-01
  5.09523116e-01
  5.94514677e-01
  6.79506238e-01
TS 0  6.50000000e-01
  4.69477761e-01
  3.89111826e-01
  4.69477761e-01
  5.49843696e-01
TS 0  7.00000000e-01
  3.92725881e-01
  3.57898724e-01
  3.92725881e-01
  4.27553037e-01
TS 0  7.50000000e-01
  6.64474777e-01
  6.31317603e-01
  6.64474777e-01
  6.97631952e-01
TS 0  8.00000000e-01
  1.06696031e+00
  1.01363864e+00
  1.06696031e+00
  1.12028198e+00
TS 0  8.50000000e-01
  1.36316917e+00
  1.31930216e+00
  1.36316917e+00
  1.40703619e+00
TS 0  9.00000000e-01
  1.45549830e+00
  1.45751174e+00
  1.45549830e+00
  1.45348487e+00
TS 0  9.50000000e-01
  1.32465012e+00
  1.39328621e+00
  1.32465012e+00
  1.25601404e+00
TS 0  1.00000000e+00
  1.00440042e+00
  1.12948477e+00
  1.00440042e+00
  8.79316075e-01
TS 0  1.05100000e+00
  5.74476560e-01
  6.93031065e-01
  5.74476560e-01
  4.55922055e-01
TS 0  1.10100000e+00
  3.44157047e-01
  2.52994851e-01
  3.44157047e-01
  4.35319243e-01
TS 0  1.15100000e+00
  6.65850184e-01
  5.42368438e-01
  6.65850184e-01
  7.89331931e-01
TS 0  1.20100000e+00
  1.02505524e+00
  9.86718249e-01
  1.02505524e+00
  1.06339223e+00
TS 0  1.25100000e+00
  1.18800428e+00
  1.22469940e+00
  1.18800428e+00
  1.15130916e+00
TS 0  1.30100000e+00
  1.13561851e+00
  1.22201155e+00
  1.13561851e+00
  1.04922547e+00
TS 0  1.35100000e+00
  9.27924695e-01
  1.03773255e+00
  9.27924695e-01
  8.18116836e-01
TS 0  1.40100000e+00
  6.70451888e-01
  7.90414466e-01
  6.70451888e-01
  5.50489309e-01
TS 0  1.45100000e+00
  4.44796555e-01
  5.79550016e-01
  4.44796555e-01
  3.10043094e-01
TS 0  1.50100000e+00
  3.05794448e-01
  4.64409316e-01
  3.05794448e-01
  1.47179581e-01
TS 0  1.55100000e+00
  2.59318170e-01
  4.19609318e-01
  2.59318170e-01
  9.90270211e-02
TS 0  1.60100000e+00
  2.67589526e-01
  3.86879723e-01
  2.67589526e-01
  1.48299330e-01
TS 0  1.65100000e+00
  3.14144307e-01
  3.60541475e-01
  3.14144307e-01
  2.67747139e-01
TS 0  1.70100000e+00
  4.04325838e-01
  3.86051682e-01
  4.04325838e-01
  4.22599994e-01
TS 0  1.75100000e+00
  4.92212762e-01
  4.45481053e-01
  4.92212762e-01
  5.38944471e-01
TS 0  1.80100000e+00
  5.03834987e-01
  4.57352722e-01
  5.03834987e-01
  5.50317252e-01
TS 0  1.85100000e+00
  4.03570794e-01
  3.73969708e-01
  4.03570794e-01
  4.33171881e-01
TS 0  1.90100000e+00
  2.95208147e-01
  2.88102925e-01
  2.95208147e-01
  3.02313370e-01
TS 0  1.95100000e+00
  4.98444555e-01
  4.94598781e-01
  4.98444555e-01
  5.02290330e-01
TS 0  2.00100000e+00
  8.26796187e-01
  8.20856225e-01
  8.26796187e-01
  8.32736150e-01
TS 0  2.05100000e+00
  1.07515996e+00
  1.07812947e+00
  1.07515996e+00
  1.07219045e+00
TS 0  2.10100000e+00
  1.16171015e+00
  1.18297870e+00
  1.16171015e+00
  1.14044160e+00
TS 0  2.15100000e+00
  1.06506005e+00
  1.10817191e+00
  1.06506005e+00
  1.02194818e+00
TS 0  2.20100000e+00
  8.06491235e-01
  8.68974673e-01
  8.06491235e-01
  7.44007796e-01
TS 0  2.25100000e+00
  4.44564576e-01
  5.21670560e-01
  4.44564576e-01
  3.67458593e-01
TS 0  2.30100000e+00
  2.21901075e-01
  2.62019761e-01
  2.21901075e-01
  1.81782389e-01
TS 0  2.35100000e+00
  5.03592249e-01
  4.83631957e-01
  5.03592249e-01
  5.23552542e-01
TS 0  2.40100000e+00
  7.77303137e-01
  7.60142100e-01
  7.77303137e-01
  7.94464174e-01
TS 0  2.45100000e+00
  8.93081120e-01
  8.92546709e-01
  8.93081120e-01
  8.93615532e-01
TS 0  2.50100000e+00
  8.45871678e-01
  8.69785232e-01
  8.45871678e-01
  8.21958124e-01
TS 0  2.55100000e+00
  6.91657195e-01
  7.45236837e-01
  6.91657195e-01
  6.38077553e-01
TS 0  2.60100000e+00
  5.15151542e-01
  6.08098080e-01
  5.15151542e-01
  4.22205004e-01
TS 0  2.65100000e+00
  3.72004594e-01
  5.08953798e-01
  3.72004594e-01
  2.35055391e-01
TS 0  2.70100000e+00
  2.82713414e-01
  4.50734475e-01
  2.82713414e-01
  1.14692353e-01
TS 0  2.75100000e+00
  2.33020224e-01
  3.96392252e-01
  2.33020224e-01
  6.96481963e-02
TS 0  2.80100000e+00
  2.29799544e-01
  3.31807538e-01
  2.29799544e-01
  1.27791550e-01
TS 0  2.85100000e+00
  2.75516229e-01
  2.98009252e-01
  2.75516229e-01
  2.53023207e-01
TS 0  2.90100000e+00
  3.62162268e-01
  3.38646940e-01
  3.62162268e-01
  3.85677595e-01
TS 0  2.95100000e+00
  4.35470191e-01
  3.99975452e-01
  4.35470191e-01
  4.70964929e-01
TS 0  3.00100000e+00
  4.36685858e-01
  4.04698668e-01
  4.36685858e-01
  4.68673048e-01
TS 0  3.05100000e+00
  3.44521014e-01
  3.26415036e-01
  3.44521014e-01
  3.62626991e-01
TS 0  3.10100000e+00
  2.32076224e-01
  2.31569853e-01
  2.32076224e-01
  2.32582595e-01
TS 0  3.15100000e+00
  3.82648018e-01
  3.90345738e-01
  3.82648018e-01
  3.74950297e-01
TS 0  3.20100000e+00
  6.46669175e-01
  6.54015251e-01
  6.46669175e-01
  6.39323099e-01
TS 0  3.25100000e+00
  8.50790292e-01
  8.61823941e-01
  8.50790292e-01
  8.39756642e-01
TS 0  3.30100000e+00
  9.28653980e-01
  9.47143617e-01
  9.28653980e-01
  9.10164344e-01
TS 0  3.35100000e+00
  8.60748912e-01
  8.88731811e-01
  8.60748912e-01
  8.32766013e-01
TS 0  3.40100000e+00
  6.63134859e-01
  7.01553331e-01
  6.63134859e-01
  6.24716387e-01
TS 0  3.45100000e+00
  3.84358758e-01
  4.36757415e-01
  3.84358758e-01
  3.31960102e-01
TS 0  3.50100000e+00
  1.86224153e-01
  2.44837765e-01
  1.86224153e-01
  1.27610541e-01
TS 0  3.55100000e+00
  3.71296848e-01
  3.75766030e-01
  3.71296848e-01
  3.66827666e-01
TS 0  3.60100000e+00
  5.72391817e-01
  5.63959520e-01
  5.72391817e-01
  5.80824114e-01
TS 0  3.65100000e+00
  6.62862834e-01
  6.54447440e-01
  6.62862834e-01
  6.71278229e-01
TS 0  3.70100000e+00
  6.35683355e-01
  6.37689092e-01
  6.35683355e-01
  6.33677617e-01
TS 0  3.75100000e+00
  5.35136259e-01
  5.59739410e-01
  5.35136259e-01
  5.10533108e-01
TS 0  3.80100000e+00
  4.21928183e-01
  4.82409066e-01
  4.21928183e-01
  3.61447300e-01
TS 0  3.85100000e+00
  3.31464648e-01
  4.35074098e-01
  3.31464648e-01
  2.27855198e-01
TS 0  3.90100000e+00
  2.66890040e-01
  4.00228772e-01
  2.66890040e-01
  1.33551309e-01
TS 0  3.95100000e+00
  2.16142173e-01
  3.51123267e-01
  2.16142173e-01
  8.11610798e-02
TS 0  4.00100000e+00
  2.03320520e-01
  2.89665202e-01
  2.03320520e-01
  1.16975838e-01
TS 0  4.05100000e+00
  2.39178906e-01
  2.57943671e-01
  2.39178906e-01
  2.20414140e-01
TS 0  4.10100000e+00
  3.06420557e-01
  2.87515753e-01
  3.06420557e-01
  3.25325362e-01
TS 0  4.15100000e+00
  3.59214103e-01
  3.30546225e-01
  3.59214103e-01
  3.87881980e-01
TS 0  4.20100000e+00
  3.53064413e-01
  3.26094024e-01
  3.53064413e-01
  3.80034802e-01
TS 0  4.25100000e+00
  2.80433414e-01
  2.64610397e-01
  2.80433414e-01
  2.96256431e-01
TS 0  4.30100000e+00
  1.84771430e-01
  1.83891709e-01
  1.84771430e-01
  1.85651152e-01
TS 0  4.35100000e+00
  2.90768160e-01
  3.01458582e-01
  2.90768160e-01
  2.80077737e-01
TS 0  4.40100000e+00
  4.94671186e-01
  5.05349038e-01
  4.94671186e-01
  4.83993335e-01
TS 0  4.45100000e+00
  6.57914672e-01
  6.69663460e-01
  6.57914672e-01
  6.46165883e-01
TS 0  4.50100000e+00
  7.28019210e-01
  7.42910778e-01
  7.28019210e-01
  7.13127642e-01
TS 0  4.55100000e+00
  6.87367503e-01
  7.07154053e-01
  6.87367503e-01
  6.67580952e-01
TS 0  4.60100000e+00
  5.46207115e-01
  5.72683634e-01
  5.46207115e-01
  5.19730596e-01
TS 0  4.65100000e+00
  3.40682384e-01
  3.77876190e-01
  3.40682384e-01
  3.03488578e-01
TS 0  4.70100000e+00
  1.66750838e-01
  2.18959617e-01
  1.66750838e-01
  1.14542059e-01
TS 0  4.75100000e+00
  2.55403991e-01
  2.69442767e-01
  2.55403991e-01
  2.41365215e-01
TS 0  4.80100000e+00
  4.02380861e-01
  3.98623658e-01
  4.02380861e-01
  4.06138064e-01
TS 0  4.85100000e+00
  4.80105381e-01
  4.70712485e-01
  4.80105381e-01
  4.89498276e-01
TS 0  4.90100000e+00
  4.76845834e-01
  4.70569414e-01
  4.76845834e-01
  4.83122255e-01
TS 0  4.95100000e+00
  4.19239948e-01
  4.28918141e-01
  4.19239948e-01
  4.09561756e-01
TS 0  5.00000000e+00
  3.50679411e-01
  3.86558974e-01
  3.50679411e-01
  3.14799849e-01
ENDDS
