DATASET
OBJTYPE "mesh3d"
BEGSCL
ND 8
NC 6
NAME "Hydro Error"
TIMEUNITS SECONDS
TS 0  0.00000000e+00
  0.00000000e+00
  0.00000000e+00
  0.00000000e+00
  0.00000000e+00
  0.00000000e+00
  0.00000000e+00
  0.00000000e+00
  0.00000000e+00
TS 0  5.00000000e-02
  5.11058704e-02
  7.35044369e-02
  1.48717774e-02
  4.13452695e-02
  4.39517572e-02
  4.37802296e-02
  8.77340746e-02
  7.39907353e-02
TS 0  1.00000000e-01
  5.61282271e-02
  4.01568414e-02
  6.09884739e-02
  4.78707197e-02
  5.79372807e-02
  5.06251356e-02
  8.36436847e-02
  6.72316045e-02
TS 0  1.50000000e-01
  6.22870383e-02
  5.01596100e-02
  7.40688233e-02
  4.54466279e-02
  6.83193922e-02
  6.35815947e-02
  5.58142562e-02
  6.77120536e-02
TS 0  2.00000000e-01
  7.73915384e-02
  1.01747321e-01
  6.08484683e-02
  4.92782578e-02
  7.99964932e-02
  8.73804975e-02
  2.74467433e-02
  8.83202959e-02
TS 0  2.50000000e-01
  1.19900157e-01
  1.63189303e-01
  1.03240690e-01
  1.34611203e-01
  8.93460027e-02
  1.42531119e-01
  6.74534678e-03
  1.22893829e-01
TS 0  3.00000000e-01
  1.44447990e-01
  2.00945655e-01
  1.00322656e-01
  1.81970627e-01
  9.51495258e-02
  1.71800830e-01
  7.68378567e-03
  1.60483141e-01
TS 0  3.50000000e-01
  1.56792212e-01
  1.97941507e-01
  1.09215827e-01
  1.69250791e-01
  1.27736220e-01
  1.84821112e-01
  1.66477168e-02
  1.81827214e-01
TS 0  4.00000000e-01
  1.41889376e-01
  1.58075809e-01
  1.05262371e-01
  1.06094243e-01
  1.48550275e-01
  1.67333668e-01
  1.46679153e-02
  1.72718948e-01
TS 0  4.50000000e-01
  9.94957535e-02
  9.93106212e-02
  7.34803571e-02
  2.22890004e-02
  1.32518149e-01
  1.18141871e-01
  6.26516665e-03
  1.35411546e-01
TS 0  5.00000000e-01
  8.45672215e-02
  7.27605459e-02
  9.63588412e-02
  5.19676881e-02
  9.69610112e-02
  9.26895958e-02
  4.39553500e-02
  9.39164915e-02
TS 0  5.50000000e-01
  7.14432787e-02
  7.92785128e-02
  8.51643692e-02
  9.83037991e-02
  5.40730003e-02
  6.90708510e-02
  8.33054169e-02
  5.65356603e-02
TS 0  6.00000000e-01
  8.57135211e-02
  7.26972052e-02
  5.64058116e-02
  1.08062336e-01
  9.10431393e-02
  8.27929491e-02
  1.00316381e-01
  9.37007097e-02
TS 0  6.50000000e-01
  1.05047351e-01
  7.22587248e-02
  7.28563386e-02
  1.06902909e-01
  1.34914133e-01
  1.07390677e-01
  9.33307190e-02
  1.17263287e-01
TS 0  7.00000000e-01
  1.07687084e-01
  8.36621898e-02
  7.15919601e-02
  9.11863735e-02
  1.40268149e-01
  1.18892755e-01
  5.16587300e-02
  1.26186504e-01
TS 0  7.50000000e-01
  9.50565944e-02
  8.56537890e-02
  5.75680203e-02
  6.73297902e-02
  1.22176398e-01
  1.12094110e-01
  9.86901737e-03
  1.17682247e-01
TS 0  8.00000000e-01
  9.04557232e-02
  8.37403236e-02
  3.75314664e-02
  4.28569884e-02
  1.21768807e-01
  9.50119339e-02
  6.76746697e-02
  1.30634900e-01
TS 0  8.50000000e-01
  8.16148956e-02
  8.22646749e-02
  2.27234170e-02
  2.91029681e-02
  1.06819590e-01
  7.74804128e-02
  1.02287310e-01
  1.30245952e-01
TS 0  9.00000000e-01
  6.92199155e-02
  8.08391229e-02
  1.17261294e-02
  2.40076954e-02
  8.12159939e-02
  6.14973328e-02
  1.07832829e-01
  1.17948370e-01
TS 0  9.50000000e-01
  5.69566413e-02
  7.78710545e-02
  1.07026090e-02
  1.75268067e-02
  6.01340272e-02
  5.06115751e-02
  8.86819722e-02
  9.69588912e-02
TS 0  1.00000000e+00
  4.99501060e-02
  7.35813454e-02
  2.82035247e-02
  1.85707416e-02
  4.78203460e-02
  4.91390461e-02
  5.40054055e-02
  7.17430036e-02
TS 0  1.05100000e+00
  4.85438145e-02
  7.08824529e-02
  5.82042248e-02
  3.48458124e-02
  3.81777115e-02
  5.56706867e-02
  1.29094536e-02
  4.67092197e-02
TS 0  1.10100000e+00
  6.01886646e-02
  7.42309772e-02
  9.12991457e-02
  5.88624362e-02
  4.78127935e-02
  6.74829474e-02
  2.37172506e-02
  4.33468256e-02
TS 0  1.15100000e+00
  7.71718653e-02
  8.44812398e-02
  1.20440548e-01
  8.49316261e-02
  6.27175829e-02
  8.30666929e-02
  4.76977273e-02
  5.27342689e-02
TS 0  1.20100000e+00
  8.74307361e-02
  9.39051388e-02
  1.33951783e-01
  1.01564000e-01
  6.77475593e-02
  9.48701553e-02
  5.02336402e-02
  6.23614371e-02
TS 0  1.25100000e+00
  8.04934724e-02
  8.59457025e-02
  1.23254929e-01
  9.58420236e-02
  5.73036353e-02
  9.05444524e-02
  3.02385725e-02
  6.13084841e-02
TS 0  1.30100000e+00
  5.02668679e-02
  5.38130262e-02
  7.46147689e-02
  5.61463575e-02
  3.12064937e-02
  6.02592489e-02
  3.04963076e-04
  4.68115430e-02
TS 0  1.35100000e+00
  3.98464854e-02
  4.55674438e-02
  3.05505405e-02
  4.04785245e-02
  3.61201407e-02
  4.19349250e-02
  2.94042872e-02
  4.55347949e-02
TS 0  1.40100000e+00
  6.38733310e-02
  5.57475515e-02
  7.29222642e-02
  8.05136146e-02
  7.09355478e-02
  6.71752044e-02
  4.73639639e-02
  4.51021560e-02
TS 0  1.45100000e+00
  1.09088788e-01
  1.08473890e-01
  1.30104599e-01
  1.51136913e-01
  9.59362668e-02
  1.19744510e-01
  5.58101732e-02
  8.06086159e-02
TS 0  1.50100000e+00
  1.31244049e-01
  1.40490291e-01
  1.36628191e-01
  1.84018966e-01
  1.05365840e-01
  1.46738813e-01
  5.37702262e-02
  1.12185390e-01
TS 0  1.55100000e+00
  1.25624371e-01
  1.46814921e-01
  9.51117984e-02
  1.70154234e-01
  9.64487063e-02
  1.42813405e-01
  3.96792044e-02
  1.31328143e-01
TS 0  1.60100000e+00
  1.13909244e-01
  1.31787785e-01
  7.94929370e-02
  1.19124286e-01
  1.04314538e-01
  1.34423135e-01
  1.13397935e-02
  1.31052434e-01
TS 0  1.65100000e+00
  9.96042355e-02
  1.05549343e-01
  6.65855026e-02
  5.29025581e-02
  1.19114224e-01
  1.13351624e-01
  3.08672946e-02
  1.29277783e-01
TS 0  1.70100000e+00
  8.94684142e-02
  7.65381441e-02
  7.68993488e-02
  2.80852248e-02
  1.16452769e-01
  9.15896019e-02
  7.88624753e-02
  1.20405743e-01
TS 0  1.75100000e+00
  7.98421970e-02
  7.04625645e-02
  8.41673454e-02
  4.65048065e-02
  8.93775140e-02
  7.22575461e-02
  1.17765452e-01
  9.59014631e-02
TS 0  1.80100000e+00
  7.52235813e-02
  7.19711034e-02
  6.06863109e-02
  6.42020131e-02
  7.82278845e-02
  6.41807468e-02
  1.30437754e-01
  9.14268226e-02
TS 0  1.85100000e+00
  7.57512013e-02
  6.33469871e-02
  3.18297406e-02
  7.11986381e-02
  8.89920601e-02
  6.73646383e-02
  1.17684016e-01
  1.03095834e-01
TS 0  1.90100000e+00
  7.66625819e-02
  5.07833084e-02
  4.35502713e-02
  7.35914865e-02
  1.02846879e-01
  7.77668284e-02
  7.11413494e-02
  9.18534043e-02
TS 0  1.95100000e+00
  7.92934082e-02
  7.67212007e-02
  4.65965665e-02
  6.86474957e-02
  9.53512054e-02
  9.32591966e-02
  9.46446649e-03
  9.38455857e-02
TS 0  2.00100000e+00
  8.96297396e-02
  9.51923109e-02
  4.37232341e-02
  6.02251841e-02
  1.07618376e-01
  9.77571895e-02
  4.89924902e-02
  1.18140096e-01
TS 0  2.05100000e+00
  9.27651827e-02
  1.05544068e-01
  3.68080982e-02
  5.07219582e-02
  1.09826828e-01
  9.37035543e-02
  8.80733248e-02
  1.32517820e-01
TS 0  2.10100000e+00
  8.64011770e-02
  1.07412245e-01
  2.75999446e-02
  4.24225228e-02
  9.70402982e-02
  8.34812768e-02
  1.01000678e-01
  1.30274601e-01
TS 0  2.15100000e+00
  7.22425024e-02
  1.00762825e-01
  1.70774696e-02
  3.62324017e-02
  7.25977383e-02
  6.89308009e-02
  8.88010101e-02
  1.13657140e-01
TS 0  2.20100000e+00
  5.56422780e-02
  8.68576440e-02
  1.50035037e-02
  3.26106421e-02
  4.64318335e-02
  5.53445967e-02
  5.71306845e-02
  8.64894187e-02
TS 0  2.25100000e+00
  4.45969115e-02
  6.86885214e-02
  3.76764750e-02
  3.19808593e-02
  3.26935739e-02
  5.07198826e-02
  1.39820562e-02
  5.34635016e-02
TS 0  2.30100000e+00
  4.50481975e-02
  5.10097549e-02
  6.28010184e-02
  3.47118955e-02
  4.04223013e-02
  4.79437705e-02
  3.05703327e-02
  4.07553763e-02
TS 0  2.35100000e+00
  5.43796821e-02
  3.86726256e-02
  8.55984876e-02
  4.02001858e-02
  6.18757436e-02
  5.24768152e-02
  6.38940166e-02
  4.59954522e-02
TS 0  2.40100000e+00
  6.19999754e-02
  3.35413358e-02
  9.78256273e-02
  4.54232732e-02
  7.61546130e-02
  5.94784738e-02
  7.46074837e-02
  5.39851311e-02
TS 0  2.45100000e+00
  5.86275388e-02
  3.13069392e-02
  9.14423683e-02
  4.44073158e-02
  6.99262752e-02
  5.86792410e-02
  5.83690276e-02
  5.31461310e-02
TS 0  2.50100000e+00
  4.12771006e-02
  2.78246525e-02
  5.82149066e-02
  3.06436950e-02
  4.49342083e-02
  4.49155002e-02
  2.30851026e-02
  4.23853580e-02
TS 0  2.55100000e+00
  2.87956147e-02
  3.19203265e-02
  1.76548769e-02
  2.58404694e-02
  2.65201295e-02
  3.12172800e-02
  1.66872883e-02
  3.83852141e-02
TS 0  2.60100000e+00
  4.19397134e-02
  3.54605979e-02
  3.43937344e-02
  3.49937504e-02
  5.37580682e-02
  4.09153451e-02
  4.70615548e-02
  4.41020634e-02
TS 0  2.65100000e+00
  6.54569735e-02
  4.47024117e-02
  7.79445780e-02
  7.75759669e-02
  7.62025867e-02
  6.60757751e-02
  6.23629654e-02
  5.21433364e-02
TS 0  2.70100000e+00
  8.44705919e-02
  7.09646808e-02
  9.37723128e-02
  1.06396680e-01
  8.46441037e-02
  8.93862656e-02
  5.98922230e-02
  7.24824811e-02
TS 0  2.75100000e+00
  8.67128717e-02
  8.76715126e-02
  7.69986737e-02
  1.10578527e-01
  7.69857807e-02
  9.60706809e-02
  3.99238255e-02
  8.63665641e-02
TS 0  2.80100000e+00
  7.64498892e-02
  9.30228990e-02
  4.87753577e-02
  9.04089387e-02
  6.21874962e-02
  9.06618858e-02
  5.38990643e-03
  8.88072638e-02
TS 0  2.85100000e+00
  7.94335373e-02
  8.91479147e-02
  4.97817278e-02
  5.58736850e-02
  8.52721737e-02
  8.77066566e-02
  3.80679408e-02
  1.02593091e-01
TS 0  2.90100000e+00
  7.34836987e-02
  7.84642431e-02
  4.11489165e-02
  1.95168224e-02
  9.44204686e-02
  7.20637879e-02
  8.05832525e-02
  1.06761005e-01
TS 0  2.95100000e+00
  6.67725056e-02
  6.15787254e-02
  5.39620196e-02
  1.79568573e-02
  8.31454240e-02
  5.78721012e-02
  1.11274527e-01
  9.49461968e-02
TS 0  3.00100000e+00
  5.67554295e-02
  5.65781231e-02
  4.66337004e-02
  2.94878937e-02
  6.26319598e-02
  4.43938327e-02
  1.18563413e-01
  7.59232800e-02
TS 0  3.05100000e+00
  5.77157597e-02
  5.05032422e-02
  2.62381761e-02
  4.12031669e-02
  6.93976174e-02
  4.81177106e-02
  1.05706005e-01
  8.28356979e-02
TS 0  3.10100000e+00
  5.43913106e-02
  3.75907642e-02
  2.47237537e-02
  5.02006862e-02
  7.24853928e-02
  5.23111998e-02
  6.47918646e-02
  7.00697134e-02
TS 0  3.15100000e+00
  6.07546485e-02
  5.95473077e-02
  3.38000105e-02
  5.41307593e-02
  7.22797730e-02
  7.02748714e-02
  1.31535339e-02
  7.24201025e-02
TS 0  3.20100000e+00
  7.51418669e-02
  8.33926910e-02
  3.83262809e-02
  5.43331003e-02
  8.66318078e-02
  8.29323671e-02
  3.61893654e-02
  9.65676115e-02
TS 0  3.25100000e+00
  8.38665223e-02
  9.78004678e-02
  3.79882944e-02
  5.09220132e-02
  9.57782393e-02
  8.64902392e-02
  7.07479377e-02
  1.15214000e-01
TS 0  3.30100000e+00
  8.20953998e-02
  1.01585193e-01
  3.32696698e-02
  4.52790629e-02
  9.04336129e-02
  8.16771694e-02
  8.41865520e-02
  1.17858703e-01
TS 0  3.35100000e+00
  7.08982339e-02
  9.49301544e-02
  2.48906004e-02
  3.85037845e-02
  7.24385365e-02
  6.98966708e-02
  7.59060495e-02
  1.05604706e-01
TS 0  3.40100000e+00
  5.25213631e-02
  7.96901758e-02
  1.37643557e-02
  3.16736390e-02
  4.49786306e-02
  5.30745823e-02
  4.97552672e-02
  8.16880417e-02
TS 0  3.45100000e+00
  3.80017025e-02
  5.93367752e-02
  2.48181431e-02
  2.59426162e-02
  2.78099711e-02
  4.30839379e-02
  1.25905254e-02
  5.07984826e-02
TS 0  3.50100000e+00
  3.49900918e-02
  3.87170093e-02
  4.43802932e-02
  2.24681311e-02
  3.31167211e-02
  3.67252313e-02
  2.63143943e-02
  3.64666905e-02
TS 0  3.55100000e+00
  3.90910955e-02
  2.27815230e-02
  6.19874096e-02
  2.18272437e-02
  4.91372100e-02
  3.57467252e-02
  5.58129471e-02
  3.61630546e-02
TS 0  3.60100000e+00
  4.58418253e-02
  1.72904188e-02
  7.19070874e-02
  2.57392288e-02
  6.38790130e-02
  4.16815153e-02
  6.66433756e-02
  4.28637982e-02
TS 0  3.65100000e+00
  4.51874130e-02
  1.79387269e-02
  6.85627790e-02
  2.78903878e-02
  6.14225069e-02
  4.31795570e-02
  5.52266930e-02
  4.30658824e-02
TS 0  3.70100000e+00
  3.53501225e-02
  2.17362504e-02
  4.72476162e-02
  2.41565826e-02
  4.31839548e-02
  3.71692792e-02
  2.62543388e-02
  3.61229022e-02
TS 0  3.75100000e+00
  2.37725241e-02
  2.49580106e-02
  1.74403777e-02
  1.79670374e-02
  2.40506066e-02
  2.67687869e-02
  8.79121030e-03
  3.07958727e-02
TS 0  3.80100000e+00
  3.01614347e-02
  2.80513055e-02
  1.67947473e-02
  1.77040430e-02
  3.96011181e-02
  2.86850282e-02
  3.75434672e-02
  3.93445569e-02
TS 0  3.85100000e+00
  4.56169845e-02
  2.88457099e-02
  4.90941200e-02
  4.45223180e-02
  5.82576879e-02
  4.41360390e-02
  5.30217120e-02
  4.25688182e-02
TS 0  3.90100000e+00
  5.76141774e-02
  3.91960097e-02
  6.55082228e-02
  6.69720428e-02
  6.59825265e-02
  5.87637337e-02
  5.18663960e-02
  5.00233330e-02
TS 0  3.95100000e+00
  6.26791753e-02
  5.69553744e-02
  6.04614066e-02
  7.65160866e-02
  6.09645664e-02
  6.83368550e-02
  3.43907769e-02
  6.04635565e-02
TS 0  4.00100000e+00
  5.65083481e-02
  6.87203400e-02
  3.77341093e-02
  7.04422830e-02
  4.42781571e-02
  6.69683578e-02
  4.20829926e-03
  6.38240804e-02
TS 0  4.05100000e+00
  6.20970787e-02
  7.32939918e-02
  3.67102832e-02
  5.24993917e-02
  6.04734294e-02
  6.79999829e-02
  3.25825576e-02
  7.95791075e-02
TS 0  4.10100000e+00
  6.25002205e-02
  7.04257600e-02
  3.49957788e-02
  2.95265003e-02
  7.23245777e-02
  6.15598069e-02
  6.72022883e-02
  8.77109448e-02
TS 0  4.15100000e+00
  5.52280181e-02
  5.98948201e-02
  3.22894467e-02
  1.27597569e-02
  6.87056457e-02
  4.80257121e-02
  9.12395477e-02
  8.22437441e-02
TS 0  4.20100000e+00
  4.22562230e-02
  4.32438676e-02
  3.32412373e-02
  1.11780736e-02
  4.90977876e-02
  3.14695409e-02
  9.61896335e-02
  6.14849854e-02
TS 0  4.25100000e+00
  4.31018125e-02
  3.93729022e-02
  2.07001603e-02
  2.34006005e-02
  5.26575798e-02
  3.42763368e-02
  8.72291914e-02
  6.41005616e-02
TS 0  4.30100000e+00
  3.95845731e-02
  2.99215771e-02
  1.41984213e-02
  3.43607688e-02
  5.15630310e-02
  3.64482378e-02
  5.52662499e-02
  5.44547499e-02
TS 0  4.35100000e+00
  4.59304605e-02
  4.42845772e-02
  2.45453674e-02
  4.18151997e-02
  5.48286077e-02
  5.20917070e-02
  1.51242275e-02
  5.51298047e-02
TS 0  4.40100000e+00
  5.95937724e-02
  6.75057845e-02
  3.13137017e-02
  4.56325075e-02
  6.69886761e-02
  6.67374316e-02
  2.38754762e-02
  7.50850843e-02
TS 0  4.45100000e+00
  6.99698842e-02
  8.23724045e-02
  3.37769155e-02
  4.54773914e-02
  7.82864685e-02
  7.34841597e-02
  5.23985069e-02
  9.38419275e-02
TS 0  4.50100000e+00
  7.08899624e-02
  8.72990264e-02
  3.15793016e-02
  4.18924956e-02
  7.72771609e-02
  7.20530558e-02
  6.50744953e-02
  9.91021395e-02
TS 0  4.55100000e+00
  6.29317405e-02
  8.24228203e-02
  2.52178153e-02
  3.59766440e-02
  6.47876177e-02
  6.34082427e-02
  6.05492297e-02
  9.11944914e-02
TS 0  4.60100000e+00
  4.80160098e-02
  6.95533940e-02
  1.56574469e-02
  2.90150331e-02
  4.32916387e-02
  4.93568920e-02
  4.13115993e-02
  7.26218180e-02
TS 0  4.65100000e+00
  3.33282812e-02
  5.19149024e-02
  1.70843939e-02
  2.23835167e-02
  2.49181577e-02
  3.74390885e-02
  1.27742446e-02
  4.74730918e-02
TS 0  4.70100000e+00
  2.86026306e-02
  3.36840373e-02
  3.20207366e-02
  1.73520120e-02
  2.63742486e-02
  3.08114586e-02
  1.75584903e-02
  3.26650831e-02
TS 0  4.75100000e+00
  2.86388208e-02
  1.93885197e-02
  4.53224200e-02
  1.51036283e-02
  3.44316544e-02
  2.61556057e-02
  4.10548964e-02
  2.69139170e-02
TS 0  4.80100000e+00
  3.50118399e-02
  1.63564711e-02
  5.30448116e-02
  1.99088007e-02
  4.78185220e-02
  3.18584594e-02
  5.07787425e-02
  3.26887822e-02
TS 0  4.85100000e+00
  3.53527961e-02
  1.61183952e-02
  5.14354102e-02
  2.15736951e-02
  4.82565430e-02
  3.36455381e-02
  4.38890865e-02
  3.37363078e-02
TS 0  4.90100000e+00
  2.92252155e-02
  1.82612132e-02
  3.79105970e-02
  1.91695219e-02
  3.68688233e-02
  3.04072466e-02
  2.33150598e-02
  2.98044839e-02
TS 0  4.95100000e+00
  1.95760413e-02
  2.05554947e-02
  1.58505910e-02
  1.35938592e-02
  2.05238885e-02
  2.27733988e-02
  3.58925391e-03
  2.44469802e-02
TS 0  5.00000000e+00
  2.15651818e-02
  2.23422072e-02
  6.58957183e-03
  1.00623042e-02
  2.80213467e-02
  2.05854545e-02
  2.64638182e-02
  3.22433250e-02
ENDDS
