DATASET
OBJTYPE "mesh3d"
BEGSCL
ND 8
NC 6
NAME "Error"
TIMEUNITS SECONDS
TS 0  0.00000000e+00
  0.00000000e+00
  0.00000000e+00
  0.00000000e+00
  0.00000000e+00
  0.00000000e+00
  0.00000000e+00
  0.00000000e+00
  0.00000000e+00
TS 0  5.00000000e-02
  5.11058704e-04
  7.35044369e-04
  1.48717774e-04
  4.13452695e-04
  4.39517572e-04
  4.37802296e-04
  8.77340746e-04
  7.39907353e-04
TS 0  1.00000000e-01
  5.61282271e-04
  4.01568414e-04
  6.09884739e-04
  4.78707197e-04
  5.79372807e-04
  5.06251356e-04
  8.36436847e-04
  6.72316045e-04
TS 0  1.50000000e-01
  6.22870383e-04
  5.01596100e-04
  7.40688233e-04
  4.54466279e-04
  6.83193922e-04
  6.35815947e-04
  5.58142562e-04
  6.77120536e-04
TS 0  2.00000000e-01
  7.73915384e-04
  1.01747321e-03
  6.08484683e-04
  4.92782578e-04
  7.99964932e-04
  8.73804975e-04
  2.74467433e-04
  8.83202959e-04
TS 0  2.50000000e-01
  1.19900157e-03
  1.63189303e-03
  1.03240690e-03
  1.34611203e-03
  8.93460027e-04
  1.42531119e-03
  6.74534678e-05
  1.22893829e-03
TS 0  3.00000000e-01
  1.44447990e-03
  2.00945655e-03
  1.00322656e-03
  1.81970627e-03
  9.51495258e-04
  1.71800830e-03
  7.68378567e-05
  1.60483141e-03
TS 0  3.50000000e-01
  1.56792212e-03
  1.97941507e-03
  1.09215827e-03
  1.69250791e-03
  1.27736220e-03
  1.84821112e-03
  1.66477168e-04
  1.81827214e-03
TS 0  4.00000000e-01
  1.41889376e-03
  1.58075809e-03
  1.05262371e-03
  1.06094243e-03
  1.48550275e-03
  1.67333668e-03
  1.46679153e-04
  1.72718948e-03
TS 0  4.50000000e-01
  9.94957535e-04
  9.93106212e-04
  7.34803571e-04
  2.22890004e-04
  1.32518149e-03
  1.18141871e-03
  6.26516665e-05
  1.35411546e-03
TS 0  5.00000000e-01
  8.45672215e-04
  7.27605459e-04
  9.63588412e-04
  5.19676881e-04
  9.69610112e-04
  9.26895958e-04
  4.39553500e-04
  9.39164915e-04
TS 0  5.50000000e-01
  7.14432787e-04
  7.92785128e-04
  8.51643692e-04
  9.83037991e-04
  5.40730003e-04
  6.90708510e-04
  8.33054169e-04
  5.65356603e-04
TS 0  6.00000000e-01
  8.57135211e-04
  7.26972052e-04
  5.64058116e-04
  1.08062336e-03
  9.10431393e-04
  8.27929491e-04
  1.00316381e-03
  9.37007097e-04
TS 0  6.50000000e-01
  1.05047351e-03
  7.22587248e-04
  7.28563386e-04
  1.06902909e-03
  1.34914133e-03
  1.07390677e-03
  9.33307190e-04
  1.17263287e-03
TS 0  7.00000000e-01
  1.07687084e-03
  8.36621898e-04
  7.15919601e-04
  9.11863735e-04
  1.40268149e-03
  1.18892755e-03
  5.16587300e-04
  1.26186504e-03
TS 0  7.50000000e-01
  9.50565944e-04
  8.56537890e-04
  5.75680203e-04
  6.73297902e-04
  1.22176398e-03
  1.12094110e-03
  9.86901737e-05
  1.17682247e-03
TS 0  8.00000000e-01
  9.04557232e-04
  8.37403236e-04
  3.75314664e-04
  4.28569884e-04
  1.21768807e-03
  9.50119339e-04
  6.76746697e-04
  1.30634900e-03
TS 0  8.50000000e-01
  8.16148956e-04
  8.22646749e-04
  2.27234170e-04
  2.91029681e-04
  1.06819590e-03
  7.74804128e-04
  1.02287310e-03
  1.30245952e-03
TS 0  9.00000000e-01
  6.92199155e-04
  8.08391229e-04
  1.17261294e-04
  2.40076954e-04
  8.12159939e-04
  6.14973328e-04
  1.07832829e-03
  1.17948370e-03
TS 0  9.50000000e-01
  5.69566413e-04
  7.78710545e-04
  1.07026090e-04
  1.75268067e-04
  6.01340272e-04
  5.06115751e-04
  8.86819722e-04
  9.69588912e-04
TS 0  1.00000000e+00
  4.99501060e-04
  7.35813454e-04
  2.82035247e-04
  1.85707416e-04
  4.78203460e-04
  4.91390461e-04
  5.40054055e-04
  7.17430036e-04
TS 0  1.05100000e+00
  4.85438145e-04
  7.08824529e-04
  5.82042248e-04
  3.48458124e-04
  3.81777115e-04
  5.56706867e-04
  1.29094536e-04
  4.67092197e-04
TS 0  1.10100000e+00
  6.01886646e-04
  7.42309772e-04
  9.12991457e-04
  5.88624362e-04
  4.78127935e-04
  6.74829474e-04
  2.37172506e-04
  4.33468256e-04
TS 0  1.15100000e+00
  7.71718653e-04
  8.44812398e-04
  1.20440548e-03
  8.49316261e-04
  6.27175829e-04
  8.30666929e-04
  4.76977273e-04
  5.27342689e-04
TS 0  1.20100000e+00
  8.74307361e-04
  9.39051388e-04
  1.33951783e-03
  1.01564000e-03
  6.77475593e-04
  9.48701553e-04
  5.02336402e-04
  6.23614371e-04
TS 0  1.25100000e+00
  8.04934724e-04
  8.59457025e-04
  1.23254929e-03
  9.58420236e-04
  5.73036353e-04
  9.05444524e-04
  3.02385725e-04
  6.13084841e-04
TS 0  1.30100000e+00
  5.02668679e-04
  5.38130262e-04
  7.46147689e-04
  5.61463575e-04
  3.12064937e-04
  6.02592489e-04
  3.04963076e-06
  4.68115430e-04
TS 0  1.35100000e+00
  3.98464854e-04
  4.55674438e-04
  3.05505405e-04
  4.04785245e-04
  3.61201407e-04
  4.19349250e-04
  2.94042872e-04
  4.55347949e-04
TS 0  1.40100000e+00
  6.38733310e-04
  5.57475515e-04
  7.29222642e-04
  8.05136146e-04
  7.09355478e-04
  6.71752044e-04
  4.73639639e-04
  4.51021560e-04
TS 0  1.45100000e+00
  1.09088788e-03
  1.08473890e-03
  1.30104599e-03
  1.51136913e-03
  9.59362668e-04
  1.19744510e-03
  5.58101732e-04
  8.06086159e-04
TS 0  1.50100000e+00
  1.31244049e-03
  1.40490291e-03
  1.36628191e-03
  1.84018966e-03
  1.05365840e-03
  1.46738813e-03
  5.37702262e-04
  1.12185390e-03
TS 0  1.55100000e+00
  1.25624371e-03
  1.46814921e-03
  9.51117984e-04
  1.70154234e-03
  9.64487063e-04
  1.42813405e-03
  3.96792044e-04
  1.31328143e-03
TS 0  1.60100000e+00
  1.13909244e-03
  1.31787785e-03
  7.94929370e-04
  1.19124286e-03
  1.04314538e-03
  1.34423135e-03
  1.13397935e-04
  1.31052434e-03
TS 0  1.65100000e+00
  9.96042355e-04
  1.05549343e-03
  6.65855026e-04
  5.29025581e-04
  1.19114224e-03
  1.13351624e-03
  3.08672946e-04
  1.29277783e-03
TS 0  1.70100000e+00
  8.94684142e-04
  7.65381441e-04
  7.68993488e-04
  2.80852248e-04
  1.16452769e-03
  9.15896019e-04
  7.88624753e-04
  1.20405743e-03
TS 0  1.75100000e+00
  7.98421970e-04
  7.04625645e-04
  8.41673454e-04
  4.65048065e-04
  8.93775140e-04
  7.22575461e-04
  1.17765452e-03
  9.59014631e-04
TS 0  1.80100000e+00
  7.52235813e-04
  7.19711034e-04
  6.06863109e-04
  6.42020131e-04
  7.82278845e-04
  6.41807468e-04
  1.30437754e-03
  9.14268226e-04
TS 0  1.85100000e+00
  7.57512013e-04
  6.33469871e-04
  3.18297406e-04
  7.11986381e-04
  8.89920601e-04
  6.73646383e-04
  1.17684016e-03
  1.03095834e-03
TS 0  1.90100000e+00
  7.66625819e-04
  5.07833084e-04
  4.35502713e-04
  7.35914865e-04
  1.02846879e-03
  7.77668284e-04
  7.11413494e-04
  9.18534043e-04
TS 0  1.95100000e+00
  7.92934082e-04
  7.67212007e-04
  4.65965665e-04
  6.86474957e-04
  9.53512054e-04
  9.32591966e-04
  9.46446649e-05
  9.38455857e-04
TS 0  2.00100000e+00
  8.96297396e-04
  9.51923109e-04
  4.37232341e-04
  6.02251841e-04
  1.07618376e-03
  9.77571895e-04
  4.89924902e-04
  1.18140096e-03
TS 0  2.05100000e+00
  9.27651827e-04
  1.05544068e-03
  3.68080982e-04
  5.07219582e-04
  1.09826828e-03
  9.37035543e-04
  8.80733248e-04
  1.32517820e-03
TS 0  2.10100000e+00
  8.64011770e-04
  1.07412245e-03
  2.75999446e-04
  4.24225228e-04
  9.70402982e-04
  8.34812768e-04
  1.01000678e-03
  1.30274601e-03
TS 0  2.15100000e+00
  7.22425024e-04
  1.00762825e-03
  1.70774696e-04
  3.62324017e-04
  7.25977383e-04
  6.89308009e-04
  8.88010101e-04
  1.13657140e-03
TS 0  2.20100000e+00
  5.56422780e-04
  8.68576440e-04
  1.50035037e-04
  3.26106421e-04
  4.64318335e-04
  5.53445967e-04
  5.71306845e-04
  8.64894187e-04
TS 0  2.25100000e+00
  4.45969115e-04
  6.86885214e-04
  3.76764750e-04
  3.19808593e-04
  3.26935739e-04
  5.07198826e-04
  1.39820562e-04
  5.34635016e-04
TS 0  2.30100000e+00
  4.50481975e-04
  5.10097549e-04
  6.28010184e-04
  3.47118955e-04
  4.04223013e-04
  4.79437705e-04
  3.05703327e-04
  4.07553763e-04
TS 0  2.35100000e+00
  5.43796821e-04
  3.86726256e-04
  8.55984876e-04
  4.02001858e-04
  6.18757436e-04
  5.24768152e-04
  6.38940166e-04
  4.59954522e-04
TS 0  2.40100000e+00
  6.19999754e-04
  3.35413358e-04
  9.78256273e-04
  4.54232732e-04
  7.61546130e-04
  5.94784738e-04
  7.46074837e-04
  5.39851311e-04
TS 0  2.45100000e+00
  5.86275388e-04
  3.13069392e-04
  9.14423683e-04
  4.44073158e-04
  6.99262752e-04
  5.86792410e-04
  5.83690276e-04
  5.31461310e-04
TS 0  2.50100000e+00
  4.12771006e-04
  2.78246525e-04
  5.82149066e-04
  3.06436950e-04
  4.49342083e-04
  4.49155002e-04
  2.30851026e-04
  4.23853580e-04
TS 0  2.55100000e+00
  2.87956147e-04
  3.19203265e-04
  1.76548769e-04
  2.58404694e-04
  2.65201295e-04
  3.12172800e-04
  1.66872883e-04
  3.83852141e-04
TS 0  2.60100000e+00
  4.19397134e-04
  3.54605979e-04
  3.43937344e-04
  3.49937504e-04
  5.37580682e-04
  4.09153451e-04
  4.70615548e-04
  4.41020634e-04
TS 0  2.65100000e+00
  6.54569735e-04
  4.47024117e-04
  7.79445780e-04
  7.75759669e-04
  7.62025867e-04
  6.60757751e-04
  6.23629654e-04
  5.21433364e-04
TS 0  2.70100000e+00
  8.44705919e-04
  7.09646808e-04
  9.37723128e-04
  1.06396680e-03
  8.46441037e-04
  8.93862656e-04
  5.98922230e-04
  7.24824811e-04
TS 0  2.75100000e+00
  8.67128717e-04
  8.76715126e-04
  7.69986737e-04
  1.10578527e-03
  7.69857807e-04
  9.60706809e-04
  3.99238255e-04
  8.63665641e-04
TS 0  2.80100000e+00
  7.64498892e-04
  9.30228990e-04
  4.87753577e-04
  9.04089387e-04
  6.21874962e-04
  9.06618858e-04
  5.38990643e-05
  8.88072638e-04
TS 0  2.85100000e+00
  7.94335373e-04
  8.91479147e-04
  4.97817278e-04
  5.58736850e-04
  8.52721737e-04
  8.77066566e-04
  3.80679408e-04
  1.02593091e-03
TS 0  2.90100000e+00
  7.34836987e-04
  7.84642431e-04
  4.11489165e-04
  1.95168224e-04
  9.44204686e-04
  7.20637879e-04
  8.05832525e-04
  1.06761005e-03
TS 0  2.95100000e+00
  6.67725056e-04
  6.15787254e-04
  5.39620196e-04
  1.79568573e-04
  8.31454240e-04
  5.78721012e-04
  1.11274527e-03
  9.49461968e-04
TS 0  3.00100000e+00
  5.67554295e-04
  5.65781231e-04
  4.66337004e-04
  2.94878937e-04
  6.26319598e-04
  4.43938327e-04
  1.18563413e-03
  7.59232800e-04
TS 0  3.05100000e+00
  5.77157597e-04
  5.05032422e-04
  2.62381761e-04
  4.12031669e-04
  6.93976174e-04
  4.81177106e-04
  1.05706005e-03
  8.28356979e-04
TS 0  3.10100000e+00
  5.43913106e-04
  3.75907642e-04
  2.47237537e-04
  5.02006862e-04
  7.24853928e-04
  5.23111998e-04
  6.47918646e-04
  7.00697134e-04
TS 0  3.15100000e+00
  6.07546485e-04
  5.95473077e-04
  3.38000105e-04
  5.41307593e-04
  7.22797730e-04
  7.02748714e-04
  1.31535339e-04
  7.24201025e-04
TS 0  3.20100000e+00
  7.51418669e-04
  8.33926910e-04
  3.83262809e-04
  5.43331003e-04
  8.66318078e-04
  8.29323671e-04
  3.61893654e-04
  9.65676115e-04
TS 0  3.25100000e+00
  8.38665223e-04
  9.78004678e-04
  3.79882944e-04
  5.09220132e-04
  9.57782393e-04
  8.64902392e-04
  7.07479377e-04
  1.15214000e-03
TS 0  3.30100000e+00
  8.20953998e-04
  1.01585193e-03
  3.32696698e-04
  4.52790629e-04
  9.04336129e-04
  8.16771694e-04
  8.41865520e-04
  1.17858703e-03
TS 0  3.35100000e+00
  7.08982339e-04
  9.49301544e-04
  2.48906004e-04
  3.85037845e-04
  7.24385365e-04
  6.98966708e-04
  7.59060495e-04
  1.05604706e-03
TS 0  3.40100000e+00
  5.25213631e-04
  7.96901758e-04
  1.37643557e-04
  3.16736390e-04
  4.49786306e-04
  5.30745823e-04
  4.97552672e-04
  8.16880417e-04
TS 0  3.45100000e+00
  3.80017025e-04
  5.93367752e-04
  2.48181431e-04
  2.59426162e-04
  2.78099711e-04
  4.30839379e-04
  1.25905254e-04
  5.07984826e-04
TS 0  3.50100000e+00
  3.49900918e-04
  3.87170093e-04
  4.43802932e-04
  2.24681311e-04
  3.31167211e-04
  3.67252313e-04
  2.63143943e-04
  3.64666905e-04
TS 0  3.55100000e+00
  3.90910955e-04
  2.27815230e-04
  6.19874096e-04
  2.18272437e-04
  4.91372100e-04
  3.57467252e-04
  5.58129471e-04
  3.61630546e-04
TS 0  3.60100000e+00
  4.58418253e-04
  1.72904188e-04
  7.19070874e-04
  2.57392288e-04
  6.38790130e-04
  4.16815153e-04
  6.66433756e-04
  4.28637982e-04
TS 0  3.65100000e+00
  4.51874130e-04
  1.79387269e-04
  6.85627790e-04
  2.78903878e-04
  6.14225069e-04
  4.31795570e-04
  5.52266930e-04
  4.30658824e-04
TS 0  3.70100000e+00
  3.53501225e-04
  2.17362504e-04
  4.72476162e-04
  2.41565826e-04
  4.31839548e-04
  3.71692792e-04
  2.62543388e-04
  3.61229022e-04
TS 0  3.75100000e+00
  2.37725241e-04
  2.49580106e-04
  1.74403777e-04
  1.79670374e-04
  2.40506066e-04
  2.67687869e-04
  8.79121030e-05
  3.07958727e-04
TS 0  3.80100000e+00
  3.01614347e-04
  2.80513055e-04
  1.67947473e-04
  1.77040430e-04
  3.96011181e-04
  2.86850282e-04
  3.75434672e-04
  3.93445569e-04
TS 0  3.85100000e+00
  4.56169845e-04
  2.88457099e-04
  4.90941200e-04
  4.45223180e-04
  5.82576879e-04
  4.41360390e-04
  5.30217120e-04
  4.25688182e-04
TS 0  3.90100000e+00
  5.76141774e-04
  3.91960097e-04
  6.55082228e-04
  6.69720428e-04
  6.59825265e-04
  5.87637337e-04
  5.18663960e-04
  5.00233330e-04
TS 0  3.95100000e+00
  6.26791753e-04
  5.69553744e-04
  6.04614066e-04
  7.65160866e-04
  6.09645664e-04
  6.83368550e-04
  3.43907769e-04
  6.04635565e-04
TS 0  4.00100000e+00
  5.65083481e-04
  6.87203400e-04
  3.77341093e-04
  7.04422830e-04
  4.42781571e-04
  6.69683578e-04
  4.20829926e-05
  6.38240804e-04
TS 0  4.05100000e+00
  6.20970787e-04
  7.32939918e-04
  3.67102832e-04
  5.24993917e-04
  6.04734294e-04
  6.79999829e-04
  3.25825576e-04
  7.95791075e-04
TS 0  4.10100000e+00
  6.25002205e-04
  7.04257600e-04
  3.49957788e-04
  2.95265003e-04
  7.23245777e-04
  6.15598069e-04
  6.72022883e-04
  8.77109448e-04
TS 0  4.15100000e+00
  5.52280181e-04
  5.98948201e-04
  3.22894467e-04
  1.27597569e-04
  6.87056457e-04
  4.80257121e-04
  9.12395477e-04
  8.22437441e-04
TS 0  4.20100000e+00
  4.22562230e-04
  4.32438676e-04
  3.32412373e-04
  1.11780736e-04
  4.90977876e-04
  3.14695409e-04
  9.61896335e-04
  6.14849854e-04
TS 0  4.25100000e+00
  4.31018125e-04
  3.93729022e-04
  2.07001603e-04
  2.34006005e-04
  5.26575798e-04
  3.42763368e-04
  8.72291914e-04
  6.41005616e-04
TS 0  4.30100000e+00
  3.95845731e-04
  2.99215771e-04
  1.41984213e-04
  3.43607688e-04
  5.15630310e-04
  3.64482378e-04
  5.52662499e-04
  5.44547499e-04
TS 0  4.35100000e+00
  4.59304605e-04
  4.42845772e-04
  2.45453674e-04
  4.18151997e-04
  5.48286077e-04
  5.20917070e-04
  1.51242275e-04
  5.51298047e-04
TS 0  4.40100000e+00
  5.95937724e-04
  6.75057845e-04
  3.13137017e-04
  4.56325075e-04
  6.69886761e-04
  6.67374316e-04
  2.38754762e-04
  7.50850843e-04
TS 0  4.45100000e+00
  6.99698842e-04
  8.23724045e-04
  3.37769155e-04
  4.54773914e-04
  7.82864685e-04
  7.34841597e-04
  5.23985069e-04
  9.38419275e-04
TS 0  4.50100000e+00
  7.08899624e-04
  8.72990264e-04
  3.15793016e-04
  4.18924956e-04
  7.72771609e-04
  7.20530558e-04
  6.50744953e-04
  9.91021395e-04
TS 0  4.55100000e+00
  6.29317405e-04
  8.24228203e-04
  2.52178153e-04
  3.59766440e-04
  6.47876177e-04
  6.34082427e-04
  6.05492297e-04
  9.11944914e-04
TS 0  4.60100000e+00
  4.80160098e-04
  6.95533940e-04
  1.56574469e-04
  2.90150331e-04
  4.32916387e-04
  4.93568920e-04
  4.13115993e-04
  7.26218180e-04
TS 0  4.65100000e+00
  3.33282812e-04
  5.19149024e-04
  1.70843939e-04
  2.23835167e-04
  2.49181577e-04
  3.74390885e-04
  1.27742446e-04
  4.74730918e-04
TS 0  4.70100000e+00
  2.86026306e-04
  3.36840373e-04
  3.20207366e-04
  1.73520120e-04
  2.63742486e-04
  3.08114586e-04
  1.75584903e-04
  3.26650831e-04
TS 0  4.75100000e+00
  2.86388208e-04
  1.93885197e-04
  4.53224200e-04
  1.51036283e-04
  3.44316544e-04
  2.61556057e-04
  4.10548964e-04
  2.69139170e-04
TS 0  4.80100000e+00
  3.50118399e-04
  1.63564711e-04
  5.30448116e-04
  1.99088007e-04
  4.78185220e-04
  3.18584594e-04
  5.07787425e-04
  3.26887822e-04
TS 0  4.85100000e+00
  3.53527961e-04
  1.61183952e-04
  5.14354102e-04
  2.15736951e-04
  4.82565430e-04
  3.36455381e-04
  4.38890865e-04
  3.37363078e-04
TS 0  4.90100000e+00
  2.92252155e-04
  1.82612132e-04
  3.79105970e-04
  1.91695219e-04
  3.68688233e-04
  3.04072466e-04
  2.33150598e-04
  2.98044839e-04
TS 0  4.95100000e+00
  1.95760413e-04
  2.05554947e-04
  1.58505910e-04
  1.35938592e-04
  2.05238885e-04
  2.27733988e-04
  3.58925391e-05
  2.44469802e-04
TS 0  5.00000000e+00
  2.15651818e-04
  2.23422072e-04
  6.58957183e-05
  1.00623042e-04
  2.80213467e-04
  2.05854545e-04
  2.64638182e-04
  3.22433250e-04
ENDDS
