TS 2 0.0
-3.337338E+00 6.266676E+00
-3.336666E+00 6.266827E+00
-3.335995E+00 6.266978E+00
-3.335323E+00 6.267129E+00
-3.334651E+00 6.267280E+00
-3.336078E+00 6.266983E+00
-3.335444E+00 6.267147E+00
-3.334795E+00 6.267306E+00
-3.334123E+00 6.267457E+00
-3.333451E+00 6.267608E+00
-3.334817E+00 6.267291E+00
-3.334183E+00 6.267455E+00
-3.333549E+00 6.267619E+00
-3.332916E+00 6.267782E+00
-3.332251E+00 6.267936E+00
-3.333555E+00 6.267599E+00
-3.332921E+00 6.267763E+00
-3.332287E+00 6.267927E+00
-3.331654E+00 6.268090E+00
-3.331021E+00 6.268254E+00
-3.332293E+00 6.267908E+00
-3.331659E+00 6.268072E+00
-3.331025E+00 6.268236E+00
-3.330392E+00 6.268399E+00
-3.329758E+00 6.268563E+00
-3.331030E+00 6.268217E+00
-3.330396E+00 6.268381E+00
-3.329762E+00 6.268545E+00
-3.329128E+00 6.268708E+00
-3.328495E+00 6.268872E+00
-3.329766E+00 6.268527E+00
-3.329131E+00 6.268691E+00
-3.328498E+00 6.268855E+00
-3.327864E+00 6.269018E+00
-3.327231E+00 6.269182E+00
-3.328501E+00 6.268837E+00
-3.327867E+00 6.269001E+00
-3.327233E+00 6.269165E+00
-3.326599E+00 6.269328E+00
-3.325966E+00 6.269492E+00
-3.327235E+00 6.269148E+00
-3.326601E+00 6.269312E+00
-3.325967E+00 6.269476E+00
-3.325334E+00 6.269639E+00
-3.324600E+00 6.269836E+00
-3.325969E+00 6.269459E+00
-3.325334E+00 6.269623E+00
-3.324701E+00 6.269787E+00
-3.323776E+00 6.270047E+00
-3.322824E+00 6.270317E+00
-3.324701E+00 6.269771E+00
-3.323903E+00 6.269989E+00
-3.322951E+00 6.270259E+00
-3.321999E+00 6.270528E+00
-3.321047E+00 6.270798E+00
-3.323079E+00 6.270201E+00
-3.322127E+00 6.270471E+00
-3.321174E+00 6.270740E+00
-3.320222E+00 6.271010E+00
-3.319270E+00 6.271279E+00
-3.321302E+00 6.270683E+00
-3.320349E+00 6.270953E+00
-3.319397E+00 6.271222E+00
-3.318445E+00 6.271492E+00
-3.317493E+00 6.271761E+00
-3.319524E+00 6.271165E+00
-3.318572E+00 6.271435E+00
-3.317620E+00 6.271704E+00
-3.316668E+00 6.271974E+00
-3.315716E+00 6.272243E+00
-3.317747E+00 6.271647E+00
-3.316795E+00 6.271917E+00
-3.315842E+00 6.272187E+00
-3.314890E+00 6.272456E+00
-3.313938E+00 6.272726E+00
-3.315969E+00 6.272130E+00
-3.315017E+00 6.272400E+00
-3.314065E+00 6.272670E+00
-3.313112E+00 6.272939E+00
-3.312160E+00 6.273209E+00
-3.314191E+00 6.272613E+00
-3.313239E+00 6.272883E+00
-3.312286E+00 6.273153E+00
-3.311334E+00 6.273422E+00
-3.310382E+00 6.273692E+00
-3.312413E+00 6.273097E+00
-3.311460E+00 6.273367E+00
-3.310508E+00 6.273636E+00
-3.309556E+00 6.273906E+00
-3.308604E+00 6.274175E+00
-3.310634E+00 6.273581E+00
-3.309682E+00 6.273851E+00
-3.308730E+00 6.274120E+00
-3.307778E+00 6.274390E+00
-3.306826E+00 6.274659E+00
-3.308855E+00 6.274065E+00
-3.307903E+00 6.274335E+00
-3.306951E+00 6.274604E+00
-3.305999E+00 6.274874E+00
-3.305047E+00 6.275143E+00
-3.307076E+00 6.274550E+00
-3.306124E+00 6.274819E+00
-3.305172E+00 6.275089E+00
-3.304220E+00 6.275359E+00
-3.303268E+00 6.275628E+00
-3.305297E+00 6.275035E+00
-3.304345E+00 6.275304E+00
-3.303393E+00 6.275574E+00
-3.302441E+00 6.275844E+00
-3.301489E+00 6.276113E+00
-3.303518E+00 6.275520E+00
-3.302566E+00 6.275790E+00
-3.301613E+00 6.276059E+00
-3.300661E+00 6.276329E+00
-3.299709E+00 6.276598E+00
-3.301738E+00 6.276005E+00
-3.300786E+00 6.276275E+00
-3.299834E+00 6.276545E+00
-3.298882E+00 6.276814E+00
-3.297929E+00 6.277084E+00
-3.299958E+00 6.276491E+00
-3.299006E+00 6.276761E+00
-3.298054E+00 6.277031E+00
-3.297102E+00 6.277300E+00
-3.296150E+00 6.277570E+00
-3.298178E+00 6.276978E+00
-3.297226E+00 6.277248E+00
-3.296274E+00 6.277517E+00
-3.295321E+00 6.277787E+00
-3.294369E+00 6.278056E+00
-3.296398E+00 6.277464E+00
-3.295445E+00 6.277734E+00
-3.294493E+00 6.278004E+00
-3.293541E+00 6.278273E+00
-3.292588E+00 6.278543E+00
-3.294617E+00 6.277951E+00
-3.293665E+00 6.278221E+00
-3.292712E+00 6.278491E+00
-3.291760E+00 6.278760E+00
-3.290807E+00 6.279030E+00
-3.292836E+00 6.278439E+00
-3.291883E+00 6.278709E+00
-3.290930E+00 6.278978E+00
-3.289978E+00 6.279248E+00
-3.289025E+00 6.279517E+00
-3.291054E+00 6.278926E+00
-3.290101E+00 6.279196E+00
-3.289149E+00 6.279466E+00
-3.288196E+00 6.279735E+00
-3.287244E+00 6.280005E+00
-3.289272E+00 6.279414E+00
-3.288319E+00 6.279684E+00
-3.287366E+00 6.279954E+00
-3.286414E+00 6.280223E+00
-3.285461E+00 6.280493E+00
-3.287489E+00 6.279903E+00
-3.286537E+00 6.280173E+00
-3.285584E+00 6.280442E+00
-3.284631E+00 6.280712E+00
-3.283679E+00 6.280981E+00
-3.285707E+00 6.280392E+00
-3.284754E+00 6.280661E+00
-3.283801E+00 6.280931E+00
-3.282849E+00 6.281201E+00
-3.281896E+00 6.281470E+00
-3.283924E+00 6.280881E+00
-3.282971E+00 6.281150E+00
-3.282018E+00 6.281420E+00
-3.281065E+00 6.281690E+00
-3.280113E+00 6.281959E+00
-3.282140E+00 6.281370E+00
-3.281187E+00 6.281640E+00
-3.280235E+00 6.281910E+00
-3.279282E+00 6.282179E+00
-3.278330E+00 6.282448E+00
-3.280357E+00 6.281860E+00
-3.279404E+00 6.282130E+00
-3.278451E+00 6.282399E+00
-3.277498E+00 6.282669E+00
-3.276546E+00 6.282938E+00
-3.278573E+00 6.282350E+00
-3.277620E+00 6.282620E+00
-3.276667E+00 6.282889E+00
-3.275715E+00 6.283159E+00
-3.274762E+00 6.283428E+00
-3.276788E+00 6.282841E+00
-3.275836E+00 6.283110E+00
-3.274883E+00 6.283380E+00
-3.273930E+00 6.283649E+00
-3.272978E+00 6.283919E+00
-3.275004E+00 6.283331E+00
-3.274051E+00 6.283601E+00
-3.273098E+00 6.283871E+00
-3.272146E+00 6.284140E+00
-3.271193E+00 6.284410E+00
-3.273219E+00 6.283822E+00
-3.272266E+00 6.284092E+00
-3.271314E+00 6.284362E+00
-3.270361E+00 6.284631E+00
-3.269409E+00 6.284901E+00
-3.271434E+00 6.284314E+00
-3.270481E+00 6.284584E+00
-3.269529E+00 6.284853E+00
-3.268576E+00 6.285123E+00
-3.267624E+00 6.285392E+00
-3.269649E+00 6.284806E+00
-3.268696E+00 6.285076E+00
-3.267743E+00 6.285345E+00
-3.266791E+00 6.285615E+00
-3.265838E+00 6.285884E+00
-3.267863E+00 6.285298E+00
-3.266910E+00 6.285568E+00
-3.265958E+00 6.285837E+00
-3.265005E+00 6.286107E+00
-3.264052E+00 6.286376E+00
-3.266077E+00 6.285791E+00
-3.265124E+00 6.286060E+00
-3.264172E+00 6.286330E+00
-3.263232E+00 6.286600E+00
-3.262315E+00 6.286869E+00
-3.264291E+00 6.286284E+00
-3.263338E+00 6.286553E+00
-3.262420E+00 6.286823E+00
-3.261503E+00 6.287093E+00
-3.260586E+00 6.287363E+00
-3.262524E+00 6.286777E+00
-3.261607E+00 6.287047E+00
-3.260690E+00 6.287317E+00
-3.259773E+00 6.287587E+00
-3.258856E+00 6.287857E+00
-3.260794E+00 6.287271E+00
-3.259877E+00 6.287541E+00
-3.258960E+00 6.287811E+00
-3.258043E+00 6.288081E+00
-3.257127E+00 6.288351E+00
-3.259064E+00 6.287766E+00
-3.258147E+00 6.288036E+00
-3.257230E+00 6.288306E+00
-3.256313E+00 6.288576E+00
-3.255397E+00 6.288845E+00
-3.257334E+00 6.288260E+00
-3.256417E+00 6.288531E+00
-3.255500E+00 6.288801E+00
-3.254583E+00 6.289070E+00
-3.253666E+00 6.289340E+00
-3.255603E+00 6.288756E+00
-3.254686E+00 6.289026E+00
-3.253769E+00 6.289296E+00
-3.252852E+00 6.289566E+00
-3.251936E+00 6.289835E+00
-3.253873E+00 6.289251E+00
-3.252955E+00 6.289521E+00
-3.252038E+00 6.289791E+00
-3.251122E+00 6.290061E+00
-3.250205E+00 6.290331E+00
TS 2 1.0
-5.975102E+00 9.717690E+00
-5.973957E+00 9.718150E+00
-5.972813E+00 9.718610E+00
-5.971668E+00 9.719071E+00
-5.970523E+00 9.719532E+00
-5.973517E+00 9.718130E+00
-5.972446E+00 9.718637E+00
-5.971346E+00 9.719126E+00
-5.970201E+00 9.719587E+00
-5.969056E+00 9.720047E+00
-5.971932E+00 9.718570E+00
-5.970860E+00 9.719078E+00
-5.969790E+00 9.719585E+00
-5.968720E+00 9.720093E+00
-5.967590E+00 9.720563E+00
-5.970345E+00 9.719012E+00
-5.969274E+00 9.719520E+00
-5.968203E+00 9.720027E+00
-5.967133E+00 9.720534E+00
-5.966063E+00 9.721041E+00
-5.968757E+00 9.719454E+00
-5.967686E+00 9.719962E+00
-5.966615E+00 9.720470E+00
-5.965545E+00 9.720977E+00
-5.964475E+00 9.721484E+00
-5.967168E+00 9.719898E+00
-5.966097E+00 9.720406E+00
-5.965026E+00 9.720913E+00
-5.963956E+00 9.721420E+00
-5.962886E+00 9.721927E+00
-5.965578E+00 9.720343E+00
-5.964507E+00 9.720851E+00
-5.963436E+00 9.721358E+00
-5.962366E+00 9.721865E+00
-5.961296E+00 9.722372E+00
-5.963987E+00 9.720788E+00
-5.962916E+00 9.721296E+00
-5.961845E+00 9.721804E+00
-5.960775E+00 9.722311E+00
-5.959705E+00 9.722818E+00
-5.962395E+00 9.721235E+00
-5.961324E+00 9.721743E+00
-5.960253E+00 9.722251E+00
-5.959183E+00 9.722758E+00
-5.957980E+00 9.723342E+00
-5.960802E+00 9.721683E+00
-5.959731E+00 9.722191E+00
-5.958660E+00 9.722699E+00
-5.957202E+00 9.723432E+00
-5.955707E+00 9.724186E+00
-5.959208E+00 9.722132E+00
-5.957919E+00 9.722767E+00
-5.956424E+00 9.723522E+00
-5.954929E+00 9.724276E+00
-5.953434E+00 9.725031E+00
-5.957140E+00 9.722857E+00
-5.955645E+00 9.723612E+00
-5.954150E+00 9.724367E+00
-5.952655E+00 9.725122E+00
-5.951160E+00 9.725876E+00
-5.954866E+00 9.723703E+00
-5.953371E+00 9.724458E+00
-5.951876E+00 9.725213E+00
-5.950381E+00 9.725967E+00
-5.948886E+00 9.726722E+00
-5.952592E+00 9.724550E+00
-5.951097E+00 9.725305E+00
-5.949602E+00 9.726059E+00
-5.948107E+00 9.726814E+00
-5.946612E+00 9.727568E+00
-5.950317E+00 9.725397E+00
-5.948822E+00 9.726152E+00
-5.947327E+00 9.726907E+00
-5.945832E+00 9.727661E+00
-5.944337E+00 9.728416E+00
-5.948042E+00 9.726245E+00
-5.946547E+00 9.727000E+00
-5.945051E+00 9.727755E+00
-5.943556E+00 9.728509E+00
-5.942062E+00 9.729264E+00
-5.945766E+00 9.727094E+00
-5.944271E+00 9.727849E+00
-5.942776E+00 9.728603E+00
-5.941281E+00 9.729358E+00
-5.939786E+00 9.730112E+00
-5.943490E+00 9.727943E+00
-5.941995E+00 9.728698E+00
-5.940500E+00 9.729453E+00
-5.939005E+00 9.730207E+00
-5.937510E+00 9.730962E+00
-5.941214E+00 9.728793E+00
-5.939719E+00 9.729548E+00
-5.938223E+00 9.730303E+00
-5.936728E+00 9.731057E+00
-5.935233E+00 9.731812E+00
-5.938937E+00 9.729644E+00
-5.937442E+00 9.730399E+00
-5.935946E+00 9.731154E+00
-5.934451E+00 9.731908E+00
-5.932957E+00 9.732662E+00
-5.936660E+00 9.730495E+00
-5.935164E+00 9.731250E+00
-5.933669E+00 9.732005E+00
-5.932174E+00 9.732760E+00
-5.930679E+00 9.733514E+00
-5.934382E+00 9.731347E+00
-5.932887E+00 9.732102E+00
-5.931392E+00 9.732857E+00
-5.929897E+00 9.733612E+00
-5.928402E+00 9.734366E+00
-5.932104E+00 9.732200E+00
-5.930609E+00 9.732955E+00
-5.929113E+00 9.733710E+00
-5.927618E+00 9.734465E+00
-5.926124E+00 9.735219E+00
-5.929826E+00 9.733054E+00
-5.928330E+00 9.733809E+00
-5.926835E+00 9.734564E+00
-5.925340E+00 9.735318E+00
-5.923845E+00 9.736072E+00
-5.927547E+00 9.733908E+00
-5.926051E+00 9.734663E+00
-5.924556E+00 9.735418E+00
-5.923061E+00 9.736172E+00
-5.921566E+00 9.736927E+00
-5.925267E+00 9.734763E+00
-5.923772E+00 9.735518E+00
-5.922277E+00 9.736273E+00
-5.920782E+00 9.737027E+00
-5.919286E+00 9.737780E+00
-5.922988E+00 9.735619E+00
-5.921492E+00 9.736374E+00
-5.919997E+00 9.737128E+00
-5.918480E+00 9.737861E+00
-5.916950E+00 9.738580E+00
-5.920708E+00 9.736475E+00
-5.919204E+00 9.737222E+00
-5.917674E+00 9.737941E+00
-5.916143E+00 9.738661E+00
-5.914613E+00 9.739380E+00
-5.918398E+00 9.737303E+00
-5.916867E+00 9.738023E+00
-5.915337E+00 9.738743E+00
-5.913807E+00 9.739462E+00
-5.912277E+00 9.740181E+00
-5.916061E+00 9.738104E+00
-5.914531E+00 9.738824E+00
-5.913000E+00 9.739544E+00
-5.911470E+00 9.740264E+00
-5.909940E+00 9.740983E+00
-5.913724E+00 9.738907E+00
-5.912193E+00 9.739627E+00
-5.910663E+00 9.740347E+00
-5.909133E+00 9.741066E+00
-5.907603E+00 9.741786E+00
-5.911386E+00 9.739710E+00
-5.909856E+00 9.740430E+00
-5.908326E+00 9.741150E+00
-5.906796E+00 9.741870E+00
-5.905266E+00 9.742589E+00
-5.909049E+00 9.740514E+00
-5.907518E+00 9.741234E+00
-5.905988E+00 9.741954E+00
-5.904458E+00 9.742673E+00
-5.902928E+00 9.743393E+00
-5.906711E+00 9.741318E+00
-5.905180E+00 9.742039E+00
-5.903650E+00 9.742758E+00
-5.902120E+00 9.743478E+00
-5.900590E+00 9.744197E+00
-5.904372E+00 9.742124E+00
-5.902842E+00 9.742844E+00
-5.901312E+00 9.743564E+00
-5.899782E+00 9.744283E+00
-5.898252E+00 9.745003E+00
-5.902034E+00 9.742930E+00
-5.900503E+00 9.743650E+00
-5.898973E+00 9.744370E+00
-5.897443E+00 9.745089E+00
-5.895913E+00 9.745808E+00
-5.899695E+00 9.743736E+00
-5.898165E+00 9.744456E+00
-5.896634E+00 9.745176E+00
-5.895104E+00 9.745896E+00
-5.893574E+00 9.746615E+00
-5.897356E+00 9.744544E+00
-5.895825E+00 9.745264E+00
-5.894295E+00 9.745984E+00
-5.892765E+00 9.746703E+00
-5.891235E+00 9.747422E+00
-5.895016E+00 9.745352E+00
-5.893486E+00 9.746072E+00
-5.891956E+00 9.746792E+00
-5.890426E+00 9.747511E+00
-5.888896E+00 9.748230E+00
-5.892677E+00 9.746160E+00
-5.891146E+00 9.746880E+00
-5.889616E+00 9.747600E+00
-5.888086E+00 9.748320E+00
-5.886556E+00 9.749039E+00
-5.890337E+00 9.746970E+00
-5.888806E+00 9.747690E+00
-5.887276E+00 9.748410E+00
-5.885746E+00 9.749129E+00
-5.884216E+00 9.749849E+00
-5.887996E+00 9.747780E+00
-5.886466E+00 9.748500E+00
-5.884936E+00 9.749220E+00
-5.883406E+00 9.749939E+00
-5.881875E+00 9.750659E+00
-5.885656E+00 9.748591E+00
-5.884125E+00 9.749311E+00
-5.882595E+00 9.750031E+00
-5.881065E+00 9.750750E+00
-5.879535E+00 9.751469E+00
-5.883315E+00 9.749402E+00
-5.881784E+00 9.750122E+00
-5.880254E+00 9.750842E+00
-5.878724E+00 9.751562E+00
-5.877194E+00 9.752281E+00
-5.880974E+00 9.750214E+00
-5.879443E+00 9.750934E+00
-5.877913E+00 9.751655E+00
-5.876383E+00 9.752375E+00
-5.874853E+00 9.753094E+00
-5.878632E+00 9.751027E+00
-5.877102E+00 9.751748E+00
-5.875572E+00 9.752468E+00
-5.874041E+00 9.753188E+00
-5.872511E+00 9.753908E+00
-5.876290E+00 9.751842E+00
-5.874760E+00 9.752562E+00
-5.873230E+00 9.753283E+00
-5.871700E+00 9.754003E+00
-5.870170E+00 9.754722E+00
-5.873948E+00 9.752657E+00
-5.872418E+00 9.753377E+00
-5.870888E+00 9.754098E+00
-5.869358E+00 9.754818E+00
-5.867828E+00 9.755537E+00
-5.871606E+00 9.753473E+00
-5.870076E+00 9.754193E+00
-5.868545E+00 9.754914E+00
-5.867015E+00 9.755633E+00
-5.865485E+00 9.756353E+00
-5.869263E+00 9.754289E+00
-5.867733E+00 9.755010E+00
-5.866203E+00 9.755730E+00
-5.864673E+00 9.756450E+00
-5.863143E+00 9.757170E+00
-5.866921E+00 9.755107E+00
-5.865390E+00 9.755827E+00
-5.863860E+00 9.756547E+00
-5.862330E+00 9.757267E+00
-5.860800E+00 9.757987E+00
TS 2 2.0
-7.662632E-01 9.021866E+00
-7.648318E-01 9.022221E+00
-7.634002E-01 9.022576E+00
-7.619686E-01 9.022932E+00
-7.605368E-01 9.023288E+00
-7.651850E-01 9.022010E+00
-7.639395E-01 9.022418E+00
-7.626198E-01 9.022805E+00
-7.611882E-01 9.023160E+00
-7.597564E-01 9.023516E+00
-7.641057E-01 9.022155E+00
-7.628603E-01 9.022563E+00
-7.616152E-01 9.022970E+00
-7.603705E-01 9.023378E+00
-7.589762E-01 9.023744E+00
-7.630255E-01 9.022300E+00
-7.617801E-01 9.022708E+00
-7.605350E-01 9.023115E+00
-7.592903E-01 9.023523E+00
-7.580460E-01 9.023930E+00
-7.619444E-01 9.022446E+00
-7.606989E-01 9.022853E+00
-7.594538E-01 9.023261E+00
-7.582092E-01 9.023668E+00
-7.569649E-01 9.024076E+00
-7.608622E-01 9.022592E+00
-7.596167E-01 9.022999E+00
-7.583717E-01 9.023407E+00
-7.571270E-01 9.023814E+00
-7.558827E-01 9.024222E+00
-7.597790E-01 9.022738E+00
-7.585336E-01 9.023146E+00
-7.572885E-01 9.023553E+00
-7.560438E-01 9.023961E+00
-7.547995E-01 9.024368E+00
-7.586949E-01 9.022885E+00
-7.574495E-01 9.023293E+00
-7.562044E-01 9.023700E+00
-7.549597E-01 9.024107E+00
-7.537154E-01 9.024515E+00
-7.576098E-01 9.023032E+00
-7.563643E-01 9.023440E+00
-7.551193E-01 9.023847E+00
-7.538746E-01 9.024255E+00
-7.524745E-01 9.024684E+00
-7.565237E-01 9.023180E+00
-7.552782E-01 9.023587E+00
-7.540332E-01 9.023995E+00
-7.523353E-01 9.024467E+00
-7.505949E-01 9.024945E+00
-7.554366E-01 9.023327E+00
-7.539366E-01 9.023771E+00
-7.521960E-01 9.024250E+00
-7.504555E-01 9.024727E+00
-7.487151E-01 9.025205E+00
-7.537973E-01 9.023554E+00
-7.520566E-01 9.024032E+00
-7.503161E-01 9.024511E+00
-7.485756E-01 9.024988E+00
-7.468352E-01 9.025466E+00
-7.519172E-01 9.023815E+00
-7.501765E-01 9.024294E+00
-7.484360E-01 9.024772E+00
-7.466955E-01 9.025250E+00
-7.449551E-01 9.025728E+00
-7.500369E-01 9.024077E+00
-7.482963E-01 9.024555E+00
-7.465557E-01 9.025033E+00
-7.448152E-01 9.025511E+00
-7.430748E-01 9.025989E+00
-7.481564E-01 9.024339E+00
-7.464158E-01 9.024817E+00
-7.446752E-01 9.025295E+00
-7.429348E-01 9.025773E+00
-7.411943E-01 9.026251E+00
-7.462758E-01 9.024601E+00
-7.445352E-01 9.025079E+00
-7.427946E-01 9.025557E+00
-7.410541E-01 9.026035E+00
-7.393137E-01 9.026513E+00
-7.443950E-01 9.024863E+00
-7.426544E-01 9.025341E+00
-7.409138E-01 9.025819E+00
-7.391733E-01 9.026297E+00
-7.374329E-01 9.026775E+00
-7.425140E-01 9.025125E+00
-7.407734E-01 9.025603E+00
-7.390328E-01 9.026081E+00
-7.372924E-01 9.026559E+00
-7.355519E-01 9.027037E+00
-7.406329E-01 9.025388E+00
-7.388923E-01 9.025866E+00
-7.371517E-01 9.026344E+00
-7.354112E-01 9.026822E+00
-7.336708E-01 9.027300E+00
-7.387516E-01 9.025651E+00
-7.370109E-01 9.026129E+00
-7.352704E-01 9.026607E+00
-7.335299E-01 9.027085E+00
-7.317895E-01 9.027563E+00
-7.368701E-01 9.025914E+00
-7.351294E-01 9.026392E+00
-7.333889E-01 9.026870E+00
-7.316484E-01 9.027348E+00
-7.299080E-01 9.027826E+00
-7.349884E-01 9.026177E+00
-7.332478E-01 9.026655E+00
-7.315072E-01 9.027133E+00
-7.297667E-01 9.027611E+00
-7.280263E-01 9.028089E+00
-7.331066E-01 9.026440E+00
-7.313659E-01 9.026919E+00
-7.296254E-01 9.027397E+00
-7.278849E-01 9.027875E+00
-7.261445E-01 9.028353E+00
-7.312246E-01 9.026704E+00
-7.294839E-01 9.027182E+00
-7.277434E-01 9.027660E+00
-7.260029E-01 9.028138E+00
-7.242625E-01 9.028616E+00
-7.293424E-01 9.026968E+00
-7.276017E-01 9.027446E+00
-7.258612E-01 9.027924E+00
-7.241207E-01 9.028402E+00
-7.223803E-01 9.028880E+00
-7.274600E-01 9.027232E+00
-7.257194E-01 9.027711E+00
-7.239788E-01 9.028189E+00
-7.222383E-01 9.028667E+00
-7.204966E-01 9.029145E+00
-7.255775E-01 9.027497E+00
-7.238368E-01 9.027975E+00
-7.220963E-01 9.028453E+00
-7.203335E-01 9.028931E+00
-7.185580E-01 9.029409E+00
-7.236948E-01 9.027762E+00
-7.219458E-01 9.028240E+00
-7.201702E-01 9.028718E+00
-7.183947E-01 9.029196E+00
-7.166192E-01 9.029674E+00
-7.217826E-01 9.028027E+00
-7.200070E-01 9.028505E+00
-7.182314E-01 9.028983E+00
-7.164558E-01 9.029461E+00
-7.146804E-01 9.029939E+00
-7.198436E-01 9.028292E+00
-7.180680E-01 9.028770E+00
-7.162924E-01 9.029248E+00
-7.145169E-01 9.029726E+00
-7.127414E-01 9.030204E+00
-7.179045E-01 9.028557E+00
-7.161289E-01 9.029035E+00
-7.143533E-01 9.029513E+00
-7.125778E-01 9.029991E+00
-7.108023E-01 9.030469E+00
-7.159653E-01 9.028823E+00
-7.141897E-01 9.029301E+00
-7.124141E-01 9.029779E+00
-7.106386E-01 9.030257E+00
-7.088631E-01 9.030735E+00
-7.140260E-01 9.029089E+00
-7.122504E-01 9.029567E+00
-7.104748E-01 9.030045E+00
-7.086992E-01 9.030523E+00
-7.069237E-01 9.031001E+00
-7.120865E-01 9.029355E+00
-7.103109E-01 9.029833E+00
-7.085353E-01 9.030311E+00
-7.067598E-01 9.030789E+00
-7.049843E-01 9.031267E+00
-7.101470E-01 9.029621E+00
-7.083714E-01 9.030099E+00
-7.065958E-01 9.030577E+00
-7.048202E-01 9.031055E+00
-7.030447E-01 9.031533E+00
-7.082073E-01 9.029887E+00
-7.064317E-01 9.030366E+00
-7.046561E-01 9.030844E+00
-7.028806E-01 9.031322E+00
-7.011051E-01 9.031800E+00
-7.062675E-01 9.030154E+00
-7.044919E-01 9.030632E+00
-7.027163E-01 9.031111E+00
-7.009408E-01 9.031589E+00
-6.991653E-01 9.032066E+00
-7.043276E-01 9.030421E+00
-7.025520E-01 9.030899E+00
-7.007764E-01 9.031378E+00
-6.990009E-01 9.031856E+00
-6.972254E-01 9.032333E+00
-7.023876E-01 9.030689E+00
-7.006120E-01 9.031167E+00
-6.988364E-01 9.031645E+00
-6.970609E-01 9.032123E+00
-6.952854E-01 9.032601E+00
-7.004475E-01 9.030956E+00
-6.986718E-01 9.031434E+00
-6.968963E-01 9.031912E+00
-6.951207E-01 9.032390E+00
-6.933452E-01 9.032868E+00
-6.985072E-01 9.031224E+00
-6.967316E-01 9.031702E+00
-6.949560E-01 9.032180E+00
-6.931805E-01 9.032658E+00
-6.914050E-01 9.033136E+00
-6.965669E-01 9.031492E+00
-6.947912E-01 9.031970E+00
-6.930156E-01 9.032448E+00
-6.912401E-01 9.032926E+00
-6.894646E-01 9.033404E+00
-6.946264E-01 9.031760E+00
-6.928507E-01 9.032238E+00
-6.910752E-01 9.032716E+00
-6.892996E-01 9.033194E+00
-6.875241E-01 9.033672E+00
-6.926858E-01 9.032028E+00
-6.909101E-01 9.032506E+00
-6.891346E-01 9.032984E+00
-6.873716E-01 9.033450E+00
-6.856309E-01 9.033894E+00
-6.907451E-01 9.032297E+00
-6.889694E-01 9.032775E+00
-6.872272E-01 9.033220E+00
-6.854865E-01 9.033664E+00
-6.837458E-01 9.034108E+00
-6.888237E-01 9.032547E+00
-6.870828E-01 9.032991E+00
-6.853420E-01 9.033435E+00
-6.836012E-01 9.033878E+00
-6.818605E-01 9.034322E+00
-6.869382E-01 9.032761E+00
-6.851973E-01 9.033205E+00
-6.834565E-01 9.033649E+00
-6.817157E-01 9.034093E+00
-6.799750E-01 9.034537E+00
-6.850526E-01 9.032976E+00
-6.833117E-01 9.033420E+00
-6.815709E-01 9.033864E+00
-6.798301E-01 9.034308E+00
-6.780894E-01 9.034752E+00
-6.831668E-01 9.033192E+00
-6.814259E-01 9.033636E+00
-6.796851E-01 9.034080E+00
-6.779443E-01 9.034524E+00
-6.762036E-01 9.034967E+00
-6.812809E-01 9.033407E+00
-6.795400E-01 9.033852E+00
-6.777991E-01 9.034296E+00
-6.760584E-01 9.034739E+00
-6.743177E-01 9.035183E+00
-6.793947E-01 9.033624E+00
-6.776538E-01 9.034068E+00
-6.759130E-01 9.034512E+00
-6.741722E-01 9.034955E+00
-6.724315E-01 9.035399E+00
TS 2 3.0
1.281388E+01 6.115176E+00
1.281453E+01 6.113820E+00
1.281518E+01 6.112464E+00
1.281582E+01 6.111108E+00
1.281647E+01 6.109751E+00
1.281412E+01 6.113007E+00
1.281497E+01 6.111661E+00
1.281573E+01 6.110312E+00
1.281638E+01 6.108955E+00
1.281703E+01 6.107599E+00
1.281437E+01 6.110837E+00
1.281521E+01 6.109491E+00
1.281606E+01 6.108146E+00
1.281690E+01 6.106801E+00
1.281759E+01 6.105447E+00
1.281461E+01 6.108666E+00
1.281546E+01 6.107320E+00
1.281630E+01 6.105975E+00
1.281715E+01 6.104630E+00
1.281799E+01 6.103285E+00
1.281486E+01 6.106493E+00
1.281571E+01 6.105147E+00
1.281655E+01 6.103802E+00
1.281739E+01 6.102457E+00
1.281824E+01 6.101113E+00
1.281511E+01 6.104319E+00
1.281595E+01 6.102974E+00
1.281680E+01 6.101628E+00
1.281764E+01 6.100284E+00
1.281849E+01 6.098939E+00
1.281536E+01 6.102145E+00
1.281620E+01 6.100799E+00
1.281705E+01 6.099454E+00
1.281789E+01 6.098109E+00
1.281874E+01 6.096765E+00
1.281561E+01 6.099969E+00
1.281645E+01 6.098623E+00
1.281730E+01 6.097278E+00
1.281814E+01 6.095933E+00
1.281899E+01 6.094589E+00
1.281586E+01 6.097792E+00
1.281670E+01 6.096446E+00
1.281755E+01 6.095101E+00
1.281839E+01 6.093756E+00
1.281930E+01 6.092245E+00
1.281611E+01 6.095613E+00
1.281696E+01 6.094268E+00
1.281780E+01 6.092922E+00
1.281884E+01 6.091092E+00
1.281989E+01 6.089216E+00
1.281636E+01 6.093434E+00
1.281732E+01 6.091816E+00
1.281837E+01 6.089939E+00
1.281943E+01 6.088063E+00
1.282048E+01 6.086187E+00
1.281685E+01 6.090663E+00
1.281791E+01 6.088787E+00
1.281896E+01 6.086910E+00
1.282001E+01 6.085034E+00
1.282107E+01 6.083158E+00
1.281744E+01 6.087634E+00
1.281850E+01 6.085757E+00
1.281955E+01 6.083881E+00
1.282060E+01 6.082005E+00
1.282166E+01 6.080129E+00
1.281803E+01 6.084604E+00
1.281909E+01 6.082728E+00
1.282014E+01 6.080852E+00
1.282120E+01 6.078975E+00
1.282225E+01 6.077100E+00
1.281862E+01 6.081574E+00
1.281968E+01 6.079698E+00
1.282073E+01 6.077822E+00
1.282179E+01 6.075946E+00
1.282284E+01 6.074070E+00
1.281922E+01 6.078544E+00
1.282027E+01 6.076668E+00
1.282132E+01 6.074792E+00
1.282238E+01 6.072915E+00
1.282343E+01 6.071040E+00
1.281981E+01 6.075514E+00
1.282086E+01 6.073637E+00
1.282192E+01 6.071761E+00
1.282297E+01 6.069885E+00
1.282403E+01 6.068009E+00
1.282040E+01 6.072483E+00
1.282146E+01 6.070607E+00
1.282251E+01 6.068730E+00
1.282357E+01 6.066854E+00
1.282462E+01 6.064978E+00
1.282100E+01 6.069452E+00
1.282205E+01 6.067575E+00
1.282310E+01 6.065699E+00
1.282416E+01 6.063823E+00
1.282521E+01 6.061947E+00
1.282159E+01 6.066420E+00
1.282264E+01 6.064544E+00
1.282370E+01 6.062668E+00
1.282475E+01 6.060792E+00
1.282581E+01 6.058916E+00
1.282219E+01 6.063389E+00
1.282324E+01 6.061513E+00
1.282429E+01 6.059636E+00
1.282535E+01 6.057760E+00
1.282640E+01 6.055884E+00
1.282278E+01 6.060357E+00
1.282384E+01 6.058481E+00
1.282489E+01 6.056605E+00
1.282595E+01 6.054728E+00
1.282700E+01 6.052853E+00
1.282338E+01 6.057325E+00
1.282443E+01 6.055449E+00
1.282549E+01 6.053572E+00
1.282654E+01 6.051696E+00
1.282760E+01 6.049820E+00
1.282397E+01 6.054292E+00
1.282503E+01 6.052416E+00
1.282608E+01 6.050540E+00
1.282714E+01 6.048664E+00
1.282819E+01 6.046788E+00
1.282457E+01 6.051260E+00
1.282563E+01 6.049383E+00
1.282668E+01 6.047507E+00
1.282774E+01 6.045631E+00
1.282879E+01 6.043755E+00
1.282517E+01 6.048227E+00
1.282623E+01 6.046350E+00
1.282728E+01 6.044474E+00
1.282834E+01 6.042598E+00
1.282939E+01 6.040721E+00
1.282577E+01 6.045193E+00
1.282683E+01 6.043317E+00
1.282788E+01 6.041441E+00
1.282891E+01 6.039542E+00
1.282994E+01 6.037631E+00
1.282637E+01 6.042160E+00
1.282742E+01 6.040275E+00
1.282844E+01 6.038363E+00
1.282946E+01 6.036452E+00
1.283049E+01 6.034541E+00
1.282694E+01 6.039096E+00
1.282797E+01 6.037184E+00
1.282899E+01 6.035273E+00
1.283001E+01 6.033362E+00
1.283103E+01 6.031450E+00
1.282749E+01 6.036005E+00
1.282852E+01 6.034094E+00
1.282954E+01 6.032182E+00
1.283056E+01 6.030271E+00
1.283158E+01 6.028360E+00
1.282805E+01 6.032914E+00
1.282907E+01 6.031003E+00
1.283009E+01 6.029091E+00
1.283111E+01 6.027180E+00
1.283214E+01 6.025269E+00
1.282860E+01 6.029823E+00
1.282962E+01 6.027912E+00
1.283064E+01 6.026000E+00
1.283167E+01 6.024089E+00
1.283269E+01 6.022177E+00
1.282915E+01 6.026732E+00
1.283017E+01 6.024820E+00
1.283120E+01 6.022909E+00
1.283222E+01 6.020997E+00
1.283324E+01 6.019086E+00
1.282970E+01 6.023640E+00
1.283073E+01 6.021728E+00
1.283175E+01 6.019817E+00
1.283277E+01 6.017905E+00
1.283379E+01 6.015994E+00
1.283026E+01 6.020548E+00
1.283128E+01 6.018636E+00
1.283230E+01 6.016725E+00
1.283333E+01 6.014813E+00
1.283435E+01 6.012902E+00
1.283081E+01 6.017455E+00
1.283183E+01 6.015544E+00
1.283286E+01 6.013632E+00
1.283388E+01 6.011721E+00
1.283490E+01 6.009810E+00
1.283137E+01 6.014363E+00
1.283239E+01 6.012451E+00
1.283341E+01 6.010539E+00
1.283444E+01 6.008628E+00
1.283546E+01 6.006717E+00
1.283192E+01 6.011270E+00
1.283295E+01 6.009358E+00
1.283397E+01 6.007446E+00
1.283499E+01 6.005535E+00
1.283601E+01 6.003624E+00
1.283248E+01 6.008176E+00
1.283350E+01 6.006265E+00
1.283453E+01 6.004353E+00
1.283555E+01 6.002442E+00
1.283657E+01 6.000531E+00
1.283304E+01 6.005083E+00
1.283406E+01 6.003171E+00
1.283508E+01 6.001260E+00
1.283611E+01 5.999348E+00
1.283713E+01 5.997437E+00
1.283360E+01 6.001989E+00
1.283462E+01 6.000077E+00
1.283564E+01 5.998166E+00
1.283667E+01 5.996254E+00
1.283769E+01 5.994343E+00
1.283416E+01 5.998895E+00
1.283518E+01 5.996983E+00
1.283620E+01 5.995072E+00
1.283723E+01 5.993160E+00
1.283825E+01 5.991249E+00
1.283472E+01 5.995800E+00
1.283574E+01 5.993889E+00
1.283676E+01 5.991977E+00
1.283779E+01 5.990066E+00
1.283881E+01 5.988155E+00
1.283528E+01 5.992705E+00
1.283630E+01 5.990794E+00
1.283732E+01 5.988882E+00
1.283836E+01 5.986984E+00
1.283941E+01 5.985108E+00
1.283584E+01 5.989610E+00
1.283686E+01 5.987699E+00
1.283792E+01 5.985821E+00
1.283897E+01 5.983945E+00
1.284002E+01 5.982069E+00
1.283642E+01 5.986535E+00
1.283747E+01 5.984659E+00
1.283853E+01 5.982783E+00
1.283958E+01 5.980906E+00
1.284063E+01 5.979031E+00
1.283703E+01 5.983496E+00
1.283809E+01 5.981620E+00
1.283914E+01 5.979743E+00
1.284019E+01 5.977867E+00
1.284125E+01 5.975991E+00
1.283765E+01 5.980456E+00
1.283870E+01 5.978580E+00
1.283975E+01 5.976704E+00
1.284081E+01 5.974828E+00
1.284186E+01 5.972952E+00
1.283826E+01 5.977417E+00
1.283931E+01 5.975540E+00
1.284037E+01 5.973664E+00
1.284142E+01 5.971788E+00
1.284248E+01 5.969912E+00
1.283887E+01 5.974377E+00
1.283993E+01 5.972501E+00
1.284098E+01 5.970624E+00
1.284204E+01 5.968748E+00
1.284309E+01 5.966872E+00
1.283949E+01 5.971337E+00
1.284054E+01 5.969460E+00
1.284160E+01 5.967584E+00
1.284265E+01 5.965708E+00
1.284371E+01 5.963832E+00
TS 2 4.0
-4.064868E+00 1.526296E+00
-4.064643E+00 1.526618E+00
-4.064417E+00 1.526939E+00
-4.064191E+00 1.527261E+00
-4.063966E+00 1.527583E+00
-4.064670E+00 1.526899E+00
-4.064439E+00 1.527162E+00
-4.064209E+00 1.527448E+00
-4.063984E+00 1.527770E+00
-4.063758E+00 1.528092E+00
-4.064473E+00 1.527503E+00
-4.064241E+00 1.527766E+00
-4.064009E+00 1.528029E+00
-4.063778E+00 1.528291E+00
-4.063551E+00 1.528601E+00
-4.064275E+00 1.528107E+00
-4.064043E+00 1.528370E+00
-4.063811E+00 1.528633E+00
-4.063580E+00 1.528895E+00
-4.063348E+00 1.529158E+00
-4.064077E+00 1.528713E+00
-4.063845E+00 1.528975E+00
-4.063613E+00 1.529238E+00
-4.063382E+00 1.529501E+00
-4.063150E+00 1.529763E+00
-4.063879E+00 1.529318E+00
-4.063647E+00 1.529581E+00
-4.063415E+00 1.529844E+00
-4.063184E+00 1.530106E+00
-4.062952E+00 1.530368E+00
-4.063680E+00 1.529925E+00
-4.063449E+00 1.530188E+00
-4.063217E+00 1.530450E+00
-4.062985E+00 1.530713E+00
-4.062754E+00 1.530975E+00
-4.063482E+00 1.530532E+00
-4.063250E+00 1.530795E+00
-4.063018E+00 1.531057E+00
-4.062787E+00 1.531320E+00
-4.062555E+00 1.531582E+00
-4.063283E+00 1.531139E+00
-4.063051E+00 1.531402E+00
-4.062820E+00 1.531665E+00
-4.062588E+00 1.531927E+00
-4.062345E+00 1.532245E+00
-4.063084E+00 1.531748E+00
-4.062852E+00 1.532010E+00
-4.062621E+00 1.532273E+00
-4.062356E+00 1.532697E+00
-4.062089E+00 1.533137E+00
-4.062885E+00 1.532356E+00
-4.062635E+00 1.532710E+00
-4.062368E+00 1.533150E+00
-4.062100E+00 1.533589E+00
-4.061833E+00 1.534029E+00
-4.062646E+00 1.533163E+00
-4.062379E+00 1.533603E+00
-4.062111E+00 1.534042E+00
-4.061844E+00 1.534482E+00
-4.061577E+00 1.534921E+00
-4.062390E+00 1.534056E+00
-4.062122E+00 1.534496E+00
-4.061855E+00 1.534935E+00
-4.061587E+00 1.535375E+00
-4.061320E+00 1.535814E+00
-4.062133E+00 1.534949E+00
-4.061865E+00 1.535389E+00
-4.061598E+00 1.535829E+00
-4.061331E+00 1.536268E+00
-4.061064E+00 1.536707E+00
-4.061876E+00 1.535843E+00
-4.061609E+00 1.536283E+00
-4.061341E+00 1.536722E+00
-4.061074E+00 1.537162E+00
-4.060807E+00 1.537601E+00
-4.061619E+00 1.536737E+00
-4.061352E+00 1.537177E+00
-4.061084E+00 1.537616E+00
-4.060817E+00 1.538056E+00
-4.060550E+00 1.538495E+00
-4.061362E+00 1.537631E+00
-4.061094E+00 1.538071E+00
-4.060827E+00 1.538511E+00
-4.060560E+00 1.538950E+00
-4.060292E+00 1.539390E+00
-4.061105E+00 1.538526E+00
-4.060837E+00 1.538966E+00
-4.060570E+00 1.539406E+00
-4.060302E+00 1.539845E+00
-4.060035E+00 1.540285E+00
-4.060847E+00 1.539422E+00
-4.060580E+00 1.539861E+00
-4.060312E+00 1.540301E+00
-4.060045E+00 1.540741E+00
-4.059778E+00 1.541180E+00
-4.060589E+00 1.540317E+00
-4.060322E+00 1.540757E+00
-4.060054E+00 1.541197E+00
-4.059787E+00 1.541636E+00
-4.059520E+00 1.542076E+00
-4.060331E+00 1.541213E+00
-4.060064E+00 1.541653E+00
-4.059797E+00 1.542093E+00
-4.059529E+00 1.542532E+00
-4.059262E+00 1.542972E+00
-4.060073E+00 1.542110E+00
-4.059806E+00 1.542550E+00
-4.059539E+00 1.542989E+00
-4.059271E+00 1.543429E+00
-4.059004E+00 1.543868E+00
-4.059815E+00 1.543007E+00
-4.059548E+00 1.543447E+00
-4.059280E+00 1.543886E+00
-4.059013E+00 1.544326E+00
-4.058746E+00 1.544765E+00
-4.059557E+00 1.543904E+00
-4.059289E+00 1.544344E+00
-4.059022E+00 1.544784E+00
-4.058755E+00 1.545223E+00
-4.058487E+00 1.545663E+00
-4.059298E+00 1.544802E+00
-4.059031E+00 1.545242E+00
-4.058763E+00 1.545681E+00
-4.058496E+00 1.546121E+00
-4.058229E+00 1.546560E+00
-4.059039E+00 1.545700E+00
-4.058772E+00 1.546140E+00
-4.058505E+00 1.546580E+00
-4.058237E+00 1.547019E+00
-4.057969E+00 1.547458E+00
-4.058781E+00 1.546599E+00
-4.058513E+00 1.547039E+00
-4.058246E+00 1.547478E+00
-4.057956E+00 1.547918E+00
-4.057654E+00 1.548357E+00
-4.058521E+00 1.547498E+00
-4.058246E+00 1.547937E+00
-4.057944E+00 1.548377E+00
-4.057642E+00 1.548817E+00
-4.057339E+00 1.549256E+00
-4.058233E+00 1.548397E+00
-4.057931E+00 1.548837E+00
-4.057629E+00 1.549276E+00
-4.057327E+00 1.549716E+00
-4.057025E+00 1.550155E+00
-4.057918E+00 1.549297E+00
-4.057616E+00 1.549737E+00
-4.057314E+00 1.550176E+00
-4.057012E+00 1.550616E+00
-4.056710E+00 1.551055E+00
-4.057604E+00 1.550197E+00
-4.057301E+00 1.550637E+00
-4.056999E+00 1.551076E+00
-4.056697E+00 1.551516E+00
-4.056395E+00 1.551955E+00
-4.057289E+00 1.551097E+00
-4.056986E+00 1.551537E+00
-4.056684E+00 1.551977E+00
-4.056382E+00 1.552416E+00
-4.056080E+00 1.552856E+00
-4.056974E+00 1.551998E+00
-4.056672E+00 1.552438E+00
-4.056369E+00 1.552878E+00
-4.056067E+00 1.553317E+00
-4.055765E+00 1.553757E+00
-4.056659E+00 1.552900E+00
-4.056356E+00 1.553340E+00
-4.056054E+00 1.553779E+00
-4.055752E+00 1.554219E+00
-4.055450E+00 1.554658E+00
-4.056344E+00 1.553802E+00
-4.056041E+00 1.554241E+00
-4.055739E+00 1.554681E+00
-4.055437E+00 1.555121E+00
-4.055135E+00 1.555560E+00
-4.056028E+00 1.554704E+00
-4.055726E+00 1.555144E+00
-4.055424E+00 1.555583E+00
-4.055122E+00 1.556023E+00
-4.054820E+00 1.556462E+00
-4.055713E+00 1.555606E+00
-4.055411E+00 1.556046E+00
-4.055109E+00 1.556486E+00
-4.054807E+00 1.556925E+00
-4.054505E+00 1.557365E+00
-4.055398E+00 1.556509E+00
-4.055096E+00 1.556949E+00
-4.054794E+00 1.557389E+00
-4.054492E+00 1.557828E+00
-4.054190E+00 1.558268E+00
-4.055083E+00 1.557413E+00
-4.054781E+00 1.557853E+00
-4.054478E+00 1.558292E+00
-4.054176E+00 1.558732E+00
-4.053874E+00 1.559171E+00
-4.054767E+00 1.558317E+00
-4.054465E+00 1.558756E+00
-4.054163E+00 1.559196E+00
-4.053861E+00 1.559635E+00
-4.053559E+00 1.560075E+00
-4.054452E+00 1.559221E+00
-4.054150E+00 1.559661E+00
-4.053848E+00 1.560100E+00
-4.053546E+00 1.560540E+00
-4.053243E+00 1.560979E+00
-4.054136E+00 1.560125E+00
-4.053834E+00 1.560565E+00
-4.053532E+00 1.561005E+00
-4.053230E+00 1.561444E+00
-4.052928E+00 1.561884E+00
-4.053821E+00 1.561030E+00
-4.053519E+00 1.561470E+00
-4.053217E+00 1.561910E+00
-4.052915E+00 1.562349E+00
-4.052612E+00 1.562789E+00
-4.053505E+00 1.561936E+00
-4.053203E+00 1.562376E+00
-4.052901E+00 1.562815E+00
-4.052599E+00 1.563255E+00
-4.052296E+00 1.563695E+00
-4.053190E+00 1.562842E+00
-4.052887E+00 1.563281E+00
-4.052585E+00 1.563721E+00
-4.052282E+00 1.564161E+00
-4.051979E+00 1.564601E+00
-4.052873E+00 1.563748E+00
-4.052571E+00 1.564188E+00
-4.052268E+00 1.564628E+00
-4.051965E+00 1.565068E+00
-4.051662E+00 1.565508E+00
-4.052556E+00 1.564655E+00
-4.052253E+00 1.565095E+00
-4.051951E+00 1.565535E+00
-4.051648E+00 1.565975E+00
-4.051345E+00 1.566415E+00
-4.052239E+00 1.565563E+00
-4.051936E+00 1.566003E+00
-4.051633E+00 1.566443E+00
-4.051330E+00 1.566883E+00
-4.051028E+00 1.567323E+00
-4.051922E+00 1.566471E+00
-4.051619E+00 1.566911E+00
-4.051316E+00 1.567351E+00
-4.051013E+00 1.567791E+00
-4.050710E+00 1.568231E+00
-4.051604E+00 1.567379E+00
-4.051301E+00 1.567819E+00
-4.050998E+00 1.568259E+00
-4.050696E+00 1.568699E+00
-4.050393E+00 1.569139E+00
-4.051287E+00 1.568288E+00
-4.050984E+00 1.568728E+00
-4.050681E+00 1.569168E+00
-4.050378E+00 1.569608E+00
-4.050075E+00 1.570048E+00
TS 2 5.0
-4.879234E+00 2.845028E+00
-4.878944E+00 2.845528E+00
-4.878653E+00 2.846027E+00
-4.878363E+00 2.846527E+00
-4.878073E+00 2.847027E+00
-4.878654E+00 2.846059E+00
-4.878376E+00 2.846552E+00
-4.878094E+00 2.847047E+00
-4.877804E+00 2.847547E+00
-4.877514E+00 2.848047E+00
-4.878073E+00 2.847091E+00
-4.877796E+00 2.847583E+00
-4.877519E+00 2.848076E+00
-4.877242E+00 2.848568E+00
-4.876954E+00 2.849066E+00
-4.877491E+00 2.848123E+00
-4.877214E+00 2.848616E+00
-4.876937E+00 2.849108E+00
-4.876661E+00 2.849600E+00
-4.876384E+00 2.850092E+00
-4.876910E+00 2.849156E+00
-4.876633E+00 2.849649E+00
-4.876356E+00 2.850141E+00
-4.876079E+00 2.850633E+00
-4.875802E+00 2.851125E+00
-4.876328E+00 2.850189E+00
-4.876051E+00 2.850682E+00
-4.875774E+00 2.851174E+00
-4.875497E+00 2.851666E+00
-4.875220E+00 2.852158E+00
-4.875745E+00 2.851223E+00
-4.875468E+00 2.851716E+00
-4.875191E+00 2.852208E+00
-4.874915E+00 2.852700E+00
-4.874638E+00 2.853192E+00
-4.875162E+00 2.852257E+00
-4.874885E+00 2.852750E+00
-4.874608E+00 2.853242E+00
-4.874332E+00 2.853734E+00
-4.874055E+00 2.854226E+00
-4.874579E+00 2.853292E+00
-4.874302E+00 2.853785E+00
-4.874025E+00 2.854277E+00
-4.873748E+00 2.854769E+00
-4.873416E+00 2.855328E+00
-4.873995E+00 2.854328E+00
-4.873718E+00 2.854820E+00
-4.873441E+00 2.855313E+00
-4.873003E+00 2.855999E+00
-4.872549E+00 2.856704E+00
-4.873411E+00 2.855364E+00
-4.873043E+00 2.855965E+00
-4.872590E+00 2.856670E+00
-4.872136E+00 2.857375E+00
-4.871682E+00 2.858080E+00
-4.872630E+00 2.856636E+00
-4.872176E+00 2.857341E+00
-4.871723E+00 2.858046E+00
-4.871269E+00 2.858751E+00
-4.870815E+00 2.859456E+00
-4.871763E+00 2.858013E+00
-4.871309E+00 2.858718E+00
-4.870855E+00 2.859422E+00
-4.870402E+00 2.860127E+00
-4.869948E+00 2.860832E+00
-4.870896E+00 2.859389E+00
-4.870442E+00 2.860094E+00
-4.869988E+00 2.860799E+00
-4.869534E+00 2.861504E+00
-4.869081E+00 2.862208E+00
-4.870028E+00 2.860765E+00
-4.869574E+00 2.861470E+00
-4.869121E+00 2.862175E+00
-4.868667E+00 2.862880E+00
-4.868213E+00 2.863585E+00
-4.869161E+00 2.862142E+00
-4.868707E+00 2.862847E+00
-4.868253E+00 2.863552E+00
-4.867799E+00 2.864257E+00
-4.867346E+00 2.864961E+00
-4.868293E+00 2.863519E+00
-4.867839E+00 2.864223E+00
-4.867385E+00 2.864928E+00
-4.866932E+00 2.865633E+00
-4.866478E+00 2.866338E+00
-4.867425E+00 2.864895E+00
-4.866971E+00 2.865600E+00
-4.866518E+00 2.866305E+00
-4.866064E+00 2.867010E+00
-4.865610E+00 2.867715E+00
-4.866557E+00 2.866272E+00
-4.866103E+00 2.866977E+00
-4.865650E+00 2.867682E+00
-4.865196E+00 2.868387E+00
-4.864742E+00 2.869092E+00
-4.865689E+00 2.867649E+00
-4.865235E+00 2.868354E+00
-4.864782E+00 2.869059E+00
-4.864328E+00 2.869764E+00
-4.863874E+00 2.870469E+00
-4.864821E+00 2.869026E+00
-4.864367E+00 2.869731E+00
-4.863913E+00 2.870436E+00
-4.863460E+00 2.871141E+00
-4.863006E+00 2.871846E+00
-4.863953E+00 2.870404E+00
-4.863499E+00 2.871108E+00
-4.863045E+00 2.871813E+00
-4.862591E+00 2.872518E+00
-4.862138E+00 2.873223E+00
-4.863084E+00 2.871781E+00
-4.862631E+00 2.872486E+00
-4.862177E+00 2.873191E+00
-4.861723E+00 2.873896E+00
-4.861269E+00 2.874600E+00
-4.862216E+00 2.873158E+00
-4.861762E+00 2.873863E+00
-4.861308E+00 2.874568E+00
-4.860855E+00 2.875273E+00
-4.860401E+00 2.875978E+00
-4.861347E+00 2.874536E+00
-4.860893E+00 2.875241E+00
-4.860440E+00 2.875946E+00
-4.859986E+00 2.876651E+00
-4.859532E+00 2.877355E+00
-4.860479E+00 2.875914E+00
-4.860025E+00 2.876618E+00
-4.859571E+00 2.877323E+00
-4.859117E+00 2.878028E+00
-4.858664E+00 2.878732E+00
-4.859610E+00 2.877291E+00
-4.859156E+00 2.877996E+00
-4.858702E+00 2.878701E+00
-4.858248E+00 2.879384E+00
-4.857794E+00 2.880053E+00
-4.858741E+00 2.878669E+00
-4.858287E+00 2.879366E+00
-4.857833E+00 2.880036E+00
-4.857378E+00 2.880705E+00
-4.856924E+00 2.881375E+00
-4.857871E+00 2.880018E+00
-4.857417E+00 2.880688E+00
-4.856963E+00 2.881358E+00
-4.856509E+00 2.882027E+00
-4.856054E+00 2.882697E+00
-4.857001E+00 2.881340E+00
-4.856547E+00 2.882010E+00
-4.856093E+00 2.882680E+00
-4.855638E+00 2.883350E+00
-4.855184E+00 2.884019E+00
-4.856131E+00 2.882663E+00
-4.855677E+00 2.883333E+00
-4.855222E+00 2.884002E+00
-4.854768E+00 2.884672E+00
-4.854314E+00 2.885342E+00
-4.855261E+00 2.883985E+00
-4.854806E+00 2.884655E+00
-4.854352E+00 2.885325E+00
-4.853898E+00 2.885995E+00
-4.853444E+00 2.886664E+00
-4.854390E+00 2.885308E+00
-4.853936E+00 2.885978E+00
-4.853481E+00 2.886648E+00
-4.853027E+00 2.887318E+00
-4.852573E+00 2.887987E+00
-4.853519E+00 2.886631E+00
-4.853065E+00 2.887301E+00
-4.852611E+00 2.887971E+00
-4.852157E+00 2.888641E+00
-4.851702E+00 2.889310E+00
-4.852648E+00 2.887955E+00
-4.852194E+00 2.888625E+00
-4.851740E+00 2.889294E+00
-4.851286E+00 2.889964E+00
-4.850832E+00 2.890634E+00
-4.851777E+00 2.889278E+00
-4.851323E+00 2.889948E+00
-4.850869E+00 2.890618E+00
-4.850415E+00 2.891288E+00
-4.849960E+00 2.891957E+00
-4.850906E+00 2.890602E+00
-4.850452E+00 2.891272E+00
-4.849997E+00 2.891942E+00
-4.849543E+00 2.892612E+00
-4.849089E+00 2.893281E+00
-4.850035E+00 2.891926E+00
-4.849580E+00 2.892596E+00
-4.849126E+00 2.893266E+00
-4.848672E+00 2.893936E+00
-4.848218E+00 2.894605E+00
-4.849163E+00 2.893251E+00
-4.848709E+00 2.893920E+00
-4.848254E+00 2.894590E+00
-4.847800E+00 2.895260E+00
-4.847346E+00 2.895929E+00
-4.848291E+00 2.894575E+00
-4.847837E+00 2.895245E+00
-4.847383E+00 2.895915E+00
-4.846928E+00 2.896584E+00
-4.846474E+00 2.897254E+00
-4.847419E+00 2.895900E+00
-4.846965E+00 2.896570E+00
-4.846511E+00 2.897239E+00
-4.846056E+00 2.897909E+00
-4.845602E+00 2.898579E+00
-4.846547E+00 2.897225E+00
-4.846093E+00 2.897895E+00
-4.845639E+00 2.898564E+00
-4.845184E+00 2.899234E+00
-4.844730E+00 2.899904E+00
-4.845675E+00 2.898550E+00
-4.845220E+00 2.899220E+00
-4.844766E+00 2.899890E+00
-4.844312E+00 2.900559E+00
-4.843858E+00 2.901229E+00
-4.844802E+00 2.899875E+00
-4.844348E+00 2.900545E+00
-4.843894E+00 2.901215E+00
-4.843440E+00 2.901897E+00
-4.842986E+00 2.902601E+00
-4.843930E+00 2.901201E+00
-4.843475E+00 2.901871E+00
-4.843022E+00 2.902574E+00
-4.842568E+00 2.903278E+00
-4.842115E+00 2.903982E+00
-4.843057E+00 2.902546E+00
-4.842604E+00 2.903251E+00
-4.842150E+00 2.903955E+00
-4.841697E+00 2.904659E+00
-4.841243E+00 2.905363E+00
-4.842186E+00 2.903927E+00
-4.841732E+00 2.904632E+00
-4.841279E+00 2.905336E+00
-4.840825E+00 2.906040E+00
-4.840372E+00 2.906744E+00
-4.841314E+00 2.905309E+00
-4.840860E+00 2.906013E+00
-4.840407E+00 2.906717E+00
-4.839953E+00 2.907421E+00
-4.839500E+00 2.908126E+00
-4.840442E+00 2.906690E+00
-4.839988E+00 2.907394E+00
-4.839535E+00 2.908099E+00
-4.839082E+00 2.908803E+00
-4.838628E+00 2.909507E+00
-4.839570E+00 2.908071E+00
-4.839116E+00 2.908776E+00
-4.838663E+00 2.909480E+00
-4.838210E+00 2.910184E+00
-4.837756E+00 2.910888E+00
-4.838698E+00 2.909453E+00
-4.838244E+00 2.910157E+00
-4.837791E+00 2.910862E+00
-4.837337E+00 2.911566E+00
-4.836884E+00 2.912270E+00
TS 2 6.0
-7.167520E+00 4.519384E+00
-7.166932E+00 4.520011E+00
-7.166343E+00 4.520638E+00
-7.165755E+00 4.521266E+00
-7.165166E+00 4.521894E+00
-7.166491E+00 4.520511E+00
-7.165926E+00 4.521158E+00
-7.165351E+00 4.521796E+00
-7.164763E+00 4.522424E+00
-7.164174E+00 4.523052E+00
-7.165462E+00 4.521639E+00
-7.164897E+00 4.522286E+00
-7.164331E+00 4.522932E+00
-7.163766E+00 4.523578E+00
-7.163183E+00 4.524209E+00
-7.164432E+00 4.522768E+00
-7.163867E+00 4.523415E+00
-7.163302E+00 4.524061E+00
-7.162737E+00 4.524707E+00
-7.162172E+00 4.525352E+00
-7.163402E+00 4.523898E+00
-7.162837E+00 4.524545E+00
-7.162272E+00 4.525191E+00
-7.161707E+00 4.525837E+00
-7.161142E+00 4.526482E+00
-7.162372E+00 4.525029E+00
-7.161807E+00 4.525675E+00
-7.161242E+00 4.526322E+00
-7.160676E+00 4.526968E+00
-7.160112E+00 4.527613E+00
-7.161341E+00 4.526160E+00
-7.160776E+00 4.526807E+00
-7.160211E+00 4.527453E+00
-7.159646E+00 4.528099E+00
-7.159081E+00 4.528745E+00
-7.160310E+00 4.527293E+00
-7.159745E+00 4.527940E+00
-7.159180E+00 4.528586E+00
-7.158614E+00 4.529232E+00
-7.158050E+00 4.529877E+00
-7.159278E+00 4.528427E+00
-7.158713E+00 4.529073E+00
-7.158148E+00 4.529720E+00
-7.157583E+00 4.530365E+00
-7.156951E+00 4.531100E+00
-7.158246E+00 4.529561E+00
-7.157681E+00 4.530208E+00
-7.157116E+00 4.530854E+00
-7.156357E+00 4.531758E+00
-7.155579E+00 4.532687E+00
-7.157214E+00 4.530697E+00
-7.156540E+00 4.531488E+00
-7.155762E+00 4.532417E+00
-7.154984E+00 4.533346E+00
-7.154206E+00 4.534275E+00
-7.155945E+00 4.532147E+00
-7.155167E+00 4.533076E+00
-7.154389E+00 4.534005E+00
-7.153612E+00 4.534934E+00
-7.152834E+00 4.535863E+00
-7.154572E+00 4.533736E+00
-7.153794E+00 4.534665E+00
-7.153017E+00 4.535594E+00
-7.152239E+00 4.536523E+00
-7.151461E+00 4.537451E+00
-7.153199E+00 4.535325E+00
-7.152422E+00 4.536254E+00
-7.151644E+00 4.537183E+00
-7.150866E+00 4.538112E+00
-7.150089E+00 4.539040E+00
-7.151827E+00 4.536914E+00
-7.151049E+00 4.537843E+00
-7.150271E+00 4.538772E+00
-7.149493E+00 4.539701E+00
-7.148716E+00 4.540630E+00
-7.150454E+00 4.538504E+00
-7.149676E+00 4.539433E+00
-7.148898E+00 4.540362E+00
-7.148120E+00 4.541291E+00
-7.147343E+00 4.542220E+00
-7.149080E+00 4.540095E+00
-7.148303E+00 4.541024E+00
-7.147525E+00 4.541953E+00
-7.146747E+00 4.542881E+00
-7.145970E+00 4.543810E+00
-7.147707E+00 4.541685E+00
-7.146930E+00 4.542615E+00
-7.146152E+00 4.543544E+00
-7.145374E+00 4.544472E+00
-7.144596E+00 4.545401E+00
-7.146334E+00 4.543277E+00
-7.145556E+00 4.544206E+00
-7.144778E+00 4.545135E+00
-7.144001E+00 4.546064E+00
-7.143223E+00 4.546992E+00
-7.144961E+00 4.544869E+00
-7.144183E+00 4.545798E+00
-7.143405E+00 4.546727E+00
-7.142627E+00 4.547655E+00
-7.141850E+00 4.548584E+00
-7.143587E+00 4.546461E+00
-7.142809E+00 4.547390E+00
-7.142031E+00 4.548319E+00
-7.141254E+00 4.549248E+00
-7.140476E+00 4.550176E+00
-7.142213E+00 4.548054E+00
-7.141436E+00 4.548983E+00
-7.140658E+00 4.549912E+00
-7.139880E+00 4.550840E+00
-7.139102E+00 4.551769E+00
-7.140839E+00 4.549647E+00
-7.140062E+00 4.550576E+00
-7.139284E+00 4.551505E+00
-7.138506E+00 4.552434E+00
-7.137729E+00 4.553362E+00
-7.139466E+00 4.551240E+00
-7.138688E+00 4.552169E+00
-7.137910E+00 4.553098E+00
-7.137132E+00 4.554027E+00
-7.136355E+00 4.554956E+00
-7.138092E+00 4.552834E+00
-7.137314E+00 4.553764E+00
-7.136536E+00 4.554692E+00
-7.135758E+00 4.555621E+00
-7.134981E+00 4.556550E+00
-7.136717E+00 4.554429E+00
-7.135940E+00 4.555358E+00
-7.135162E+00 4.556287E+00
-7.134384E+00 4.557216E+00
-7.133607E+00 4.558144E+00
-7.135343E+00 4.556024E+00
-7.134565E+00 4.556953E+00
-7.133788E+00 4.557882E+00
-7.133010E+00 4.558811E+00
-7.132233E+00 4.559740E+00
-7.133969E+00 4.557619E+00
-7.133191E+00 4.558549E+00
-7.132414E+00 4.559478E+00
-7.131637E+00 4.560407E+00
-7.130859E+00 4.561336E+00
-7.132595E+00 4.559216E+00
-7.131817E+00 4.560145E+00
-7.131040E+00 4.561074E+00
-7.130263E+00 4.562004E+00
-7.129486E+00 4.562933E+00
-7.131221E+00 4.560813E+00
-7.130444E+00 4.561742E+00
-7.129666E+00 4.562671E+00
-7.128889E+00 4.563601E+00
-7.128112E+00 4.564530E+00
-7.129847E+00 4.562410E+00
-7.129070E+00 4.563340E+00
-7.128293E+00 4.564269E+00
-7.127515E+00 4.565198E+00
-7.126738E+00 4.566127E+00
-7.128473E+00 4.564008E+00
-7.127696E+00 4.564937E+00
-7.126919E+00 4.565867E+00
-7.126142E+00 4.566796E+00
-7.125364E+00 4.567725E+00
-7.127099E+00 4.565606E+00
-7.126322E+00 4.566536E+00
-7.125545E+00 4.567465E+00
-7.124768E+00 4.568394E+00
-7.123990E+00 4.569323E+00
-7.125725E+00 4.567205E+00
-7.124948E+00 4.568135E+00
-7.124171E+00 4.569064E+00
-7.123394E+00 4.569993E+00
-7.122617E+00 4.570922E+00
-7.124351E+00 4.568804E+00
-7.123574E+00 4.569734E+00
-7.122797E+00 4.570663E+00
-7.122020E+00 4.571592E+00
-7.121242E+00 4.572521E+00
-7.122977E+00 4.570404E+00
-7.122200E+00 4.571334E+00
-7.121423E+00 4.572263E+00
-7.120646E+00 4.573192E+00
-7.119868E+00 4.574121E+00
-7.121603E+00 4.572004E+00
-7.120826E+00 4.572934E+00
-7.120049E+00 4.573863E+00
-7.119271E+00 4.574792E+00
-7.118494E+00 4.575721E+00
-7.120229E+00 4.573605E+00
-7.119452E+00 4.574535E+00
-7.118674E+00 4.575464E+00
-7.117897E+00 4.576393E+00
-7.117120E+00 4.577322E+00
-7.118855E+00 4.575206E+00
-7.118077E+00 4.576136E+00
-7.117300E+00 4.577065E+00
-7.116523E+00 4.577994E+00
-7.115746E+00 4.578923E+00
-7.117480E+00 4.576808E+00
-7.116703E+00 4.577737E+00
-7.115926E+00 4.578667E+00
-7.115149E+00 4.579596E+00
-7.114371E+00 4.580525E+00
-7.116106E+00 4.578410E+00
-7.115329E+00 4.579339E+00
-7.114552E+00 4.580269E+00
-7.113774E+00 4.581198E+00
-7.112997E+00 4.582127E+00
-7.114732E+00 4.580012E+00
-7.113954E+00 4.580942E+00
-7.113177E+00 4.581871E+00
-7.112400E+00 4.582800E+00
-7.111623E+00 4.583729E+00
-7.113357E+00 4.581615E+00
-7.112580E+00 4.582545E+00
-7.111803E+00 4.583474E+00
-7.111025E+00 4.584403E+00
-7.110248E+00 4.585332E+00
-7.111983E+00 4.583219E+00
-7.111205E+00 4.584148E+00
-7.110428E+00 4.585078E+00
-7.109638E+00 4.586007E+00
-7.108825E+00 4.586936E+00
-7.110608E+00 4.584823E+00
-7.109831E+00 4.585752E+00
-7.109019E+00 4.586682E+00
-7.108206E+00 4.587611E+00
-7.107393E+00 4.588540E+00
-7.109213E+00 4.586427E+00
-7.108400E+00 4.587357E+00
-7.107587E+00 4.588286E+00
-7.106775E+00 4.589215E+00
-7.105962E+00 4.590144E+00
-7.107781E+00 4.588032E+00
-7.106969E+00 4.588961E+00
-7.106156E+00 4.589891E+00
-7.105343E+00 4.590820E+00
-7.104530E+00 4.591749E+00
-7.106350E+00 4.589637E+00
-7.105537E+00 4.590567E+00
-7.104724E+00 4.591496E+00
-7.103911E+00 4.592425E+00
-7.103098E+00 4.593354E+00
-7.104918E+00 4.591243E+00
-7.104105E+00 4.592173E+00
-7.103292E+00 4.593102E+00
-7.102479E+00 4.594031E+00
-7.101666E+00 4.594960E+00
-7.103486E+00 4.592849E+00
-7.102673E+00 4.593779E+00
-7.101860E+00 4.594708E+00
-7.101047E+00 4.595637E+00
-7.100234E+00 4.596566E+00
-7.102054E+00 4.594456E+00
-7.101241E+00 4.595385E+00
-7.100428E+00 4.596315E+00
-7.099615E+00 4.597244E+00
-7.098802E+00 4.598173E+00
TS 2 7.0
-7.251262E+00 4.027212E+00
-7.250777E+00 4.027988E+00
-7.250292E+00 4.028765E+00
-7.249808E+00 4.029541E+00
-7.249323E+00 4.030318E+00
-7.250417E+00 4.028453E+00
-7.249950E+00 4.029241E+00
-7.249476E+00 4.030024E+00
-7.248991E+00 4.030801E+00
-7.248506E+00 4.031578E+00
-7.249571E+00 4.029695E+00
-7.249104E+00 4.030483E+00
-7.248638E+00 4.031271E+00
-7.248171E+00 4.032058E+00
-7.247690E+00 4.032837E+00
-7.248725E+00 4.030938E+00
-7.248258E+00 4.031726E+00
-7.247792E+00 4.032514E+00
-7.247325E+00 4.033301E+00
-7.246859E+00 4.034088E+00
-7.247879E+00 4.032182E+00
-7.247412E+00 4.032970E+00
-7.246945E+00 4.033757E+00
-7.246479E+00 4.034544E+00
-7.246012E+00 4.035331E+00
-7.247032E+00 4.033426E+00
-7.246565E+00 4.034214E+00
-7.246098E+00 4.035002E+00
-7.245632E+00 4.035789E+00
-7.245165E+00 4.036576E+00
-7.246184E+00 4.034671E+00
-7.245718E+00 4.035459E+00
-7.245251E+00 4.036247E+00
-7.244784E+00 4.037034E+00
-7.244318E+00 4.037821E+00
-7.245337E+00 4.035917E+00
-7.244870E+00 4.036705E+00
-7.244403E+00 4.037493E+00
-7.243937E+00 4.038280E+00
-7.243470E+00 4.039067E+00
-7.244489E+00 4.037164E+00
-7.244022E+00 4.037952E+00
-7.243555E+00 4.038739E+00
-7.243089E+00 4.039526E+00
-7.242544E+00 4.040380E+00
-7.243640E+00 4.038411E+00
-7.243173E+00 4.039199E+00
-7.242707E+00 4.039986E+00
-7.242014E+00 4.040968E+00
-7.241299E+00 4.041968E+00
-7.242791E+00 4.039659E+00
-7.242197E+00 4.040556E+00
-7.241483E+00 4.041556E+00
-7.240768E+00 4.042556E+00
-7.240054E+00 4.043556E+00
-7.241666E+00 4.041145E+00
-7.240952E+00 4.042145E+00
-7.240237E+00 4.043145E+00
-7.239523E+00 4.044145E+00
-7.238808E+00 4.045144E+00
-7.240421E+00 4.042734E+00
-7.239706E+00 4.043734E+00
-7.238992E+00 4.044734E+00
-7.238277E+00 4.045734E+00
-7.237563E+00 4.046733E+00
-7.239175E+00 4.044323E+00
-7.238461E+00 4.045323E+00
-7.237746E+00 4.046323E+00
-7.237032E+00 4.047323E+00
-7.236317E+00 4.048323E+00
-7.237930E+00 4.045913E+00
-7.237215E+00 4.046913E+00
-7.236501E+00 4.047913E+00
-7.235786E+00 4.048913E+00
-7.235072E+00 4.049913E+00
-7.236684E+00 4.047504E+00
-7.235970E+00 4.048504E+00
-7.235255E+00 4.049504E+00
-7.234541E+00 4.050504E+00
-7.233826E+00 4.051503E+00
-7.235439E+00 4.049095E+00
-7.234724E+00 4.050095E+00
-7.234010E+00 4.051095E+00
-7.233295E+00 4.052094E+00
-7.232581E+00 4.053094E+00
-7.234193E+00 4.050686E+00
-7.233479E+00 4.051686E+00
-7.232764E+00 4.052686E+00
-7.232050E+00 4.053686E+00
-7.231335E+00 4.054685E+00
-7.232948E+00 4.052278E+00
-7.232234E+00 4.053278E+00
-7.231519E+00 4.054278E+00
-7.230805E+00 4.055278E+00
-7.230090E+00 4.056277E+00
-7.231703E+00 4.053870E+00
-7.230988E+00 4.054870E+00
-7.230274E+00 4.055870E+00
-7.229559E+00 4.056870E+00
-7.228845E+00 4.057869E+00
-7.230457E+00 4.055463E+00
-7.229743E+00 4.056463E+00
-7.229028E+00 4.057463E+00
-7.228314E+00 4.058463E+00
-7.227599E+00 4.059462E+00
-7.229212E+00 4.057056E+00
-7.228497E+00 4.058056E+00
-7.227783E+00 4.059056E+00
-7.227068E+00 4.060056E+00
-7.226354E+00 4.061055E+00
-7.227966E+00 4.058650E+00
-7.227252E+00 4.059650E+00
-7.226537E+00 4.060650E+00
-7.225823E+00 4.061649E+00
-7.225108E+00 4.062649E+00
-7.226721E+00 4.060244E+00
-7.226006E+00 4.061244E+00
-7.225292E+00 4.062244E+00
-7.224577E+00 4.063244E+00
-7.223863E+00 4.064243E+00
-7.225475E+00 4.061838E+00
-7.224761E+00 4.062838E+00
-7.224046E+00 4.063838E+00
-7.223332E+00 4.064838E+00
-7.222617E+00 4.065838E+00
-7.224230E+00 4.063433E+00
-7.223515E+00 4.064433E+00
-7.222801E+00 4.065433E+00
-7.222086E+00 4.066433E+00
-7.221372E+00 4.067434E+00
-7.222985E+00 4.065029E+00
-7.222270E+00 4.066029E+00
-7.221556E+00 4.067029E+00
-7.220841E+00 4.068051E+00
-7.220127E+00 4.069086E+00
-7.221739E+00 4.066625E+00
-7.221025E+00 4.067633E+00
-7.220310E+00 4.068668E+00
-7.219596E+00 4.069703E+00
-7.218881E+00 4.070738E+00
-7.220494E+00 4.068251E+00
-7.219779E+00 4.069286E+00
-7.219065E+00 4.070321E+00
-7.218350E+00 4.071356E+00
-7.217636E+00 4.072391E+00
-7.219248E+00 4.069904E+00
-7.218534E+00 4.070939E+00
-7.217819E+00 4.071974E+00
-7.217105E+00 4.073009E+00
-7.216390E+00 4.074044E+00
-7.218003E+00 4.071557E+00
-7.217288E+00 4.072593E+00
-7.216574E+00 4.073628E+00
-7.215859E+00 4.074663E+00
-7.215145E+00 4.075698E+00
-7.216757E+00 4.073211E+00
-7.216043E+00 4.074246E+00
-7.215328E+00 4.075282E+00
-7.214614E+00 4.076317E+00
-7.213899E+00 4.077352E+00
-7.215512E+00 4.074865E+00
-7.214797E+00 4.075901E+00
-7.214083E+00 4.076936E+00
-7.213368E+00 4.077971E+00
-7.212654E+00 4.079006E+00
-7.214266E+00 4.076520E+00
-7.213552E+00 4.077555E+00
-7.212837E+00 4.078591E+00
-7.212123E+00 4.079626E+00
-7.211408E+00 4.080661E+00
-7.213021E+00 4.078175E+00
-7.212307E+00 4.079211E+00
-7.211592E+00 4.080246E+00
-7.210878E+00 4.081281E+00
-7.210163E+00 4.082316E+00
-7.211776E+00 4.079831E+00
-7.211061E+00 4.080866E+00
-7.210347E+00 4.081901E+00
-7.209632E+00 4.082936E+00
-7.208918E+00 4.083971E+00
-7.210530E+00 4.081487E+00
-7.209816E+00 4.082522E+00
-7.209101E+00 4.083557E+00
-7.208387E+00 4.084592E+00
-7.207672E+00 4.085627E+00
-7.209285E+00 4.083143E+00
-7.208570E+00 4.084178E+00
-7.207856E+00 4.085214E+00
-7.207141E+00 4.086249E+00
-7.206427E+00 4.087283E+00
-7.208039E+00 4.084800E+00
-7.207325E+00 4.085835E+00
-7.206610E+00 4.086870E+00
-7.205896E+00 4.087905E+00
-7.205181E+00 4.088940E+00
-7.206794E+00 4.086457E+00
-7.206079E+00 4.087492E+00
-7.205365E+00 4.088527E+00
-7.204650E+00 4.089562E+00
-7.203936E+00 4.090597E+00
-7.205548E+00 4.088114E+00
-7.204834E+00 4.089150E+00
-7.204119E+00 4.090185E+00
-7.203405E+00 4.091220E+00
-7.202690E+00 4.092255E+00
-7.204303E+00 4.089772E+00
-7.203589E+00 4.090808E+00
-7.202874E+00 4.091843E+00
-7.202160E+00 4.092878E+00
-7.201445E+00 4.093913E+00
-7.203058E+00 4.091431E+00
-7.202343E+00 4.092466E+00
-7.201629E+00 4.093501E+00
-7.200914E+00 4.094536E+00
-7.200200E+00 4.095571E+00
-7.201812E+00 4.093090E+00
-7.201098E+00 4.094125E+00
-7.200383E+00 4.095160E+00
-7.199669E+00 4.096195E+00
-7.198954E+00 4.097230E+00
-7.200567E+00 4.094749E+00
-7.199852E+00 4.095784E+00
-7.199138E+00 4.096819E+00
-7.198423E+00 4.097854E+00
-7.197709E+00 4.098889E+00
-7.199321E+00 4.096408E+00
-7.198607E+00 4.097444E+00
-7.197892E+00 4.098479E+00
-7.197178E+00 4.099514E+00
-7.196463E+00 4.100549E+00
-7.198076E+00 4.098068E+00
-7.197361E+00 4.099104E+00
-7.196647E+00 4.100139E+00
-7.195932E+00 4.101174E+00
-7.195218E+00 4.102209E+00
-7.196830E+00 4.099729E+00
-7.196116E+00 4.100764E+00
-7.195401E+00 4.101799E+00
-7.194687E+00 4.102834E+00
-7.193972E+00 4.103869E+00
-7.195585E+00 4.101389E+00
-7.194871E+00 4.102425E+00
-7.194156E+00 4.103460E+00
-7.193442E+00 4.104495E+00
-7.192727E+00 4.105530E+00
-7.194340E+00 4.103051E+00
-7.193625E+00 4.104086E+00
-7.192911E+00 4.105121E+00
-7.192196E+00 4.106156E+00
-7.191482E+00 4.107191E+00
-7.193094E+00 4.104712E+00
-7.192380E+00 4.105748E+00
-7.191665E+00 4.106783E+00
-7.190951E+00 4.107818E+00
-7.190236E+00 4.108853E+00
